0.05; 0
0.15; 0
0.25; 0
0.35; 0
0.45; 0
0.55; 0
0.65; 0
0.75; 6
0.85; 16
0.95; 63
1.05; 124
1.15; 186
1.25; 269
1.35; 233
1.45; 194
1.55; 128
1.65; 100
1.75; 62
1.85; 36
1.95; 18
2.05; 8
2.15; 10
2.25; 30
2.35; 43
2.45; 68
2.55; 94
2.65; 124
2.75; 114
2.85; 95
2.95; 101
3.05; 107
3.15; 79
3.25; 78
3.35; 64
3.45; 46
3.55; 31
3.65; 36
3.75; 32
3.85; 30
3.95; 29
4.05; 34
4.15; 33
4.25; 42
4.35; 59
4.45; 162
4.55; 414
4.65; 908
4.75; 1805
4.85; 3311
4.95; 5139
5.05; 7263
5.15; 8690
5.25; 9688
5.35; 9586
5.45; 8722
5.55; 7161
5.65; 5517
5.75; 4029
5.85; 2971
5.95; 2004
6.05; 1421
6.15; 870
6.25; 561
6.35; 359
6.45; 244
6.55; 161
6.65; 98
6.75; 64
6.85; 44
6.95; 27
7.05; 21
7.15; 22
7.25; 19
7.35; 16
7.45; 13
7.55; 17
7.65; 18
7.75; 7
7.85; 8
7.95; 13
8.05; 4
8.15; 8
8.25; 8
8.35; 6
8.45; 5
8.55; 10
8.65; 7
8.75; 6
8.85; 7
8.95; 7
9.05; 7
9.15; 8
9.25; 5
9.35; 5
9.45; 6
9.55; 3
9.65; 5
9.75; 1
9.85; 1
9.95; 3
10.05; 5
10.15; 6
10.25; 4
10.35; 1
10.45; 2
10.55; 2
10.65; 2
10.75; 2
10.85; 5
10.95; 9
11.05; 4
11.15; 3
11.25; 9
11.35; 4
11.45; 8
11.55; 1
11.65; 5
11.75; 8
11.85; 6
11.95; 3
12.05; 3
12.15; 4
12.25; 4
12.35; 4
12.45; 5
12.55; 6
12.65; 4
12.75; 8
12.85; 0
12.95; 4
13.05; 6
13.15; 2
13.25; 4
13.35; 1
13.45; 2
13.55; 1
13.65; 2
13.75; 5
13.85; 2
13.95; 6
14.05; 2
14.15; 2
14.25; 4
14.35; 1
14.45; 0
14.55; 3
14.65; 3
14.75; 3
14.85; 3
14.95; 1
15.05; 3
15.15; 3
15.25; 4
15.35; 3
15.45; 2
15.55; 4
15.65; 3
15.75; 1
15.85; 6
15.95; 4
16.05; 2
16.15; 5
16.25; 4
16.35; 3
16.45; 4
16.55; 1
16.65; 5
16.75; 2
16.85; 3
16.95; 1
17.05; 7
17.15; 2
17.25; 3
17.35; 0
17.45; 3
17.55; 2
17.65; 1
17.75; 1
17.85; 5
17.95; 1
18.05; 2
18.15; 2
18.25; 4
18.35; 0
18.45; 1
18.55; 0
18.65; 1
18.75; 4
18.85; 1
18.95; 1
19.05; 1
19.15; 4
19.25; 6
19.35; 4
19.45; 0
19.55; 4
19.65; 0
19.75; 2
19.85; 0
19.95; 1
20.05; 5
20.15; 2
20.25; 1
20.35; 1
20.45; 1
20.55; 3
20.65; 5
20.75; 4
20.85; 0
20.95; 1
21.05; 0
21.15; 2
21.25; 2
21.35; 3
21.45; 1
21.55; 1
21.65; 2
21.75; 2
21.85; 1
21.95; 1
22.05; 0
22.15; 1
22.25; 3
22.35; 1
22.45; 0
22.55; 2
22.65; 3
22.75; 1
22.85; 0
22.95; 3
23.05; 2
23.15; 4
23.25; 1
23.35; 2
23.45; 3
23.55; 0
23.65; 1
23.75; 1
23.85; 2
23.95; 1
24.05; 2
24.15; 0
24.25; 2
24.35; 0
24.45; 1
24.55; 1
24.65; 1
24.75; 0
24.85; 0
24.95; 2
25.05; 2
25.15; 0
25.25; 2
25.35; 0
25.45; 0
25.55; 0
25.65; 2
25.75; 0
25.85; 2
25.95; 4
26.05; 3
26.15; 2
26.25; 1
26.35; 1
26.45; 0
26.55; 0
26.65; 1
26.75; 0
26.85; 0
26.95; 1
27.05; 0
27.15; 1
27.25; 2
27.35; 0
27.45; 4
27.55; 1
27.65; 3
27.75; 1
27.85; 0
27.95; 1
28.05; 3
28.15; 1
28.25; 1
28.35; 1
28.45; 4
28.55; 1
28.65; 1
28.75; 2
28.85; 0
28.95; 1
29.05; 0
29.15; 1
29.25; 1
29.35; 1
29.45; 1
29.55; 3
29.65; 1
29.75; 2
29.85; 3
29.95; 1
30.05; 0
30.15; 0
30.25; 0
30.35; 3
30.45; 0
30.55; 0
30.65; 2
30.75; 0
30.85; 3
30.95; 1
31.05; 0
31.15; 0
31.25; 1
31.35; 0
31.45; 0
31.55; 3
31.65; 3
31.75; 1
31.85; 1
31.95; 1
32.05; 1
32.15; 3
32.25; 1
32.35; 0
32.45; 2
32.55; 0
32.65; 2
32.75; 4
32.85; 2
32.95; 1
33.05; 2
33.15; 1
33.25; 0
33.35; 0
33.45; 1
33.55; 0
33.65; 1
33.75; 1
33.85; 2
33.95; 1
34.05; 2
34.15; 1
34.25; 2
34.35; 1
34.45; 1
34.55; 0
34.65; 1
34.75; 1
34.85; 0
34.95; 0
35.05; 0
35.15; 2
35.25; 0
35.35; 1
35.45; 0
35.55; 1
35.65; 0
35.75; 1
35.85; 2
35.95; 0
36.05; 0
36.15; 0
36.25; 0
36.35; 1
36.45; 2
36.55; 0
36.65; 0
36.75; 2
36.85; 0
36.95; 2
37.05; 0
37.15; 1
37.25; 3
37.35; 1
37.45; 2
37.55; 1
37.65; 1
37.75; 0
37.85; 1
37.95; 2
38.05; 1
38.15; 0
38.25; 1
38.35; 0
38.45; 0
38.55; 2
38.65; 1
38.75; 0
38.85; 0
38.95; 3
39.05; 0
39.15; 0
39.25; 1
39.35; 0
39.45; 1
39.55; 1
39.65; 1
39.75; 3
39.85; 1
39.95; 0
40.05; 1
40.15; 0
40.25; 1
40.35; 0
40.45; 1
40.55; 0
40.65; 0
40.75; 1
40.85; 0
40.95; 0
41.05; 1
41.15; 0
41.25; 0
41.35; 0
41.45; 0
41.55; 0
41.65; 1
41.75; 3
41.85; 1
41.95; 1
42.05; 1
42.15; 0
42.25; 0
42.35; 0
42.45; 0
42.55; 0
42.65; 0
42.75; 0
42.85; 2
42.95; 0
43.05; 2
43.15; 1
43.25; 0
43.35; 0
43.45; 0
43.55; 0
43.65; 0
43.75; 1
43.85; 2
43.95; 2
44.05; 0
44.15; 0
44.25; 0
44.35; 2
44.45; 1
44.55; 1
44.65; 0
44.75; 2
44.85; 0
44.95; 0
45.05; 0
45.15; 1
45.25; 0
45.35; 0
45.45; 0
45.55; 0
45.65; 0
45.75; 1
45.85; 1
45.95; 0
46.05; 2
46.15; 0
46.25; 1
46.35; 1
46.45; 2
46.55; 0
46.65; 1
46.75; 3
46.85; 2
46.95; 1
47.05; 0
47.15; 1
47.25; 1
47.35; 0
47.45; 1
47.55; 0
47.65; 0
47.75; 0
47.85; 1
47.95; 0
48.05; 1
48.15; 0
48.25; 0
48.35; 2
48.45; 0
48.55; 0
48.65; 0
48.75; 2
48.85; 0
48.95; 0
49.05; 0
49.15; 0
49.25; 0
49.35; 0
49.45; 3
49.55; 0
49.65; 0
49.75; 0
49.85; 1
49.95; 0
50.05; 0
50.15; 0
50.25; 2
50.35; 0
50.45; 1
50.55; 1
50.65; 0
50.75; 0
50.85; 0
50.95; 1
51.05; 0
51.15; 0
51.25; 1
51.35; 1
51.45; 1
51.55; 1
51.65; 0
51.75; 0
51.85; 1
51.95; 2
52.05; 0
52.15; 0
52.25; 0
52.35; 1
52.45; 0
52.55; 0
52.65; 0
52.75; 1
52.85; 0
52.95; 0
53.05; 0
53.15; 1
53.25; 0
53.35; 0
53.45; 0
53.55; 0
53.65; 0
53.75; 0
53.85; 0
53.95; 2
54.05; 0
54.15; 0
54.25; 1
54.35; 1
54.45; 2
54.55; 0
54.65; 1
54.75; 1
54.85; 0
54.95; 2
55.05; 0
55.15; 0
55.25; 1
55.35; 1
55.45; 0
55.55; 0
55.65; 1
55.75; 1
55.85; 0
55.95; 2
56.05; 0
56.15; 1
56.25; 0
56.35; 1
56.45; 0
56.55; 1
56.65; 0
56.75; 0
56.85; 0
56.95; 0
57.05; 0
57.15; 0
57.25; 0
57.35; 0
57.45; 0
57.55; 1
57.65; 0
57.75; 0
57.85; 0
57.95; 0
58.05; 0
58.15; 0
58.25; 0
58.35; 0
58.45; 1
58.55; 0
58.65; 1
58.75; 0
58.85; 0
58.95; 1
59.05; 1
59.15; 0
59.25; 0
59.35; 1
59.45; 0
59.55; 0
59.65; 1
59.75; 0
59.85; 0
59.95; 0
60.05; 0
60.15; 0
60.25; 1
60.35; 0
60.45; 1
60.55; 1
60.65; 0
60.75; 1
60.85; 0
60.95; 1
61.05; 0
61.15; 0
61.25; 0
61.35; 0
61.45; 1
61.55; 0
61.65; 0
61.75; 0
61.85; 1
61.95; 0
62.05; 0
62.15; 0
62.25; 0
62.35; 0
62.45; 0
62.55; 1
62.65; 0
62.75; 1
62.85; 0
62.95; 1
63.05; 1
63.15; 0
63.25; 0
63.35; 0
63.45; 1
63.55; 1
63.65; 1
63.75; 0
63.85; 1
63.95; 0
64.05; 1
64.15; 0
64.25; 1
64.35; 0
64.45; 1
64.55; 1
64.65; 0
64.75; 0
64.85; 1
64.95; 0
65.05; 0
65.15; 0
65.25; 0
65.35; 1
65.45; 0
65.55; 0
65.65; 0
65.75; 0
65.85; 0
65.95; 0
66.05; 0
66.15; 0
66.25; 0
66.35; 0
66.45; 0
66.55; 0
66.65; 1
66.75; 0
66.85; 1
66.95; 1
67.05; 0
67.15; 0
67.25; 0
67.35; 1
67.45; 2
67.55; 0
67.65; 0
67.75; 0
67.85; 0
67.95; 0
68.05; 0
68.15; 0
68.25; 0
68.35; 0
68.45; 0
68.55; 1
68.65; 2
68.75; 0
68.85; 0
68.95; 0
69.05; 0
69.15; 0
69.25; 0
69.35; 1
69.45; 1
69.55; 0
69.65; 0
69.75; 0
69.85; 0
69.95; 0
70.05; 0
70.15; 0
70.25; 0
70.35; 0
70.45; 0
70.55; 0
70.65; 0
70.75; 0
70.85; 0
70.95; 0
71.05; 0
71.15; 1
71.25; 0
71.35; 0
71.45; 0
71.55; 2
71.65; 1
71.75; 0
71.85; 0
71.95; 0
72.05; 0
72.15; 0
72.25; 0
72.35; 0
72.45; 1
72.55; 0
72.65; 0
72.75; 0
72.85; 0
72.95; 1
73.05; 0
73.15; 0
73.25; 0
73.35; 0
73.45; 1
73.55; 0
73.65; 0
73.75; 0
73.85; 0
73.95; 0
74.05; 0
74.15; 0
74.25; 0
74.35; 0
74.45; 0
74.55; 0
74.65; 0
74.75; 0
74.85; 0
74.95; 0
75.05; 0
75.15; 0
75.25; 0
75.35; 1
75.45; 0
75.55; 1
75.65; 0
75.75; 0
75.85; 0
75.95; 0
76.05; 0
76.15; 0
76.25; 0
76.35; 2
76.45; 0
76.55; 1
76.65; 0
76.75; 0
76.85; 0
76.95; 0
77.05; 0
77.15; 2
77.25; 1
77.35; 0
77.45; 0
77.55; 0
77.65; 0
77.75; 0
77.85; 1
77.95; 0
78.05; 0
78.15; 0
78.25; 0
78.35; 0
78.45; 1
78.55; 0
78.65; 0
78.75; 2
78.85; 0
78.95; 0
79.05; 1
79.15; 1
79.25; 0
79.35; 0
79.45; 1
79.55; 0
79.65; 0
79.75; 0
79.85; 0
79.95; 0
80.05; 0
80.15; 0
80.25; 0
80.35; 0
80.45; 0
80.55; 1
80.65; 1
80.75; 0
80.85; 0
80.95; 0
81.05; 0
81.15; 0
81.25; 0
81.35; 0
81.45; 0
81.55; 0
81.65; 1
81.75; 0
81.85; 0
81.95; 0
82.05; 0
82.15; 0
82.25; 0
82.35; 0
82.45; 1
82.55; 0
82.65; 0
82.75; 0
82.85; 1
82.95; 0
83.05; 0
83.15; 1
83.25; 0
83.35; 0
83.45; 0
83.55; 0
83.65; 0
83.75; 0
83.85; 1
83.95; 0
84.05; 0
84.15; 0
84.25; 0
84.35; 0
84.45; 1
84.55; 0
84.65; 0
84.75; 0
84.85; 0
84.95; 0
85.05; 0
85.15; 0
85.25; 0
85.35; 0
85.45; 0
85.55; 0
85.65; 1
85.75; 0
85.85; 0
85.95; 0
86.05; 0
86.15; 0
86.25; 0
86.35; 0
86.45; 0
86.55; 0
86.65; 0
86.75; 0
86.85; 0
86.95; 0
87.05; 0
87.15; 0
87.25; 0
87.35; 0
87.45; 0
87.55; 1
87.65; 0
87.75; 0
87.85; 0
87.95; 0
88.05; 0
88.15; 0
88.25; 0
88.35; 0
88.45; 0
88.55; 0
88.65; 0
88.75; 0
88.85; 0
88.95; 0
89.05; 0
89.15; 0
89.25; 0
89.35; 0
89.45; 0
89.55; 0
89.65; 0
89.75; 0
89.85; 0
89.95; 1
90.05; 0
90.15; 0
90.25; 0
90.35; 0
90.45; 0
90.55; 0
90.65; 0
90.75; 0
90.85; 1
90.95; 0
91.05; 0
91.15; 1
91.25; 0
91.35; 0
91.45; 0
91.55; 0
91.65; 0
91.75; 0
91.85; 0
91.95; 0
92.05; 0
92.15; 0
92.25; 0
92.35; 0
92.45; 0
92.55; 1
92.65; 0
92.75; 0
92.85; 0
92.95; 0
93.05; 0
93.15; 0
93.25; 0
93.35; 0
93.45; 0
93.55; 0
93.65; 0
93.75; 0
93.85; 0
93.95; 0
94.05; 0
94.15; 0
94.25; 0
94.35; 0
94.45; 0
94.55; 0
94.65; 0
94.75; 0
94.85; 0
94.95; 0
95.05; 0
95.15; 0
95.25; 0
95.35; 0
95.45; 0
95.55; 0
95.65; 0
95.75; 0
95.85; 0
95.95; 0
96.05; 0
96.15; 0
96.25; 0
96.35; 0
96.45; 0
96.55; 0
96.65; 0
96.75; 0
96.85; 1
96.95; 0
97.05; 0
97.15; 1
97.25; 0
97.35; 0
97.45; 0
97.55; 0
97.65; 0
97.75; 0
97.85; 0
97.95; 0
98.05; 0
98.15; 0
98.25; 0
98.35; 0
98.45; 0
98.55; 0
98.65; 0
98.75; 1
98.85; 0
98.95; 0
99.05; 0
99.15; 0
99.25; 0
99.35; 0
99.45; 0
99.55; 0
99.65; 0
99.75; 0
99.85; 0
