0.05; 0
0.15; 0
0.25; 0
0.35; 0
0.45; 0
0.55; 0
0.65; 0
0.75; 0
0.85; 0
0.95; 0
1.05; 0
1.15; 0
1.25; 0
1.35; 0
1.45; 0
1.55; 0
1.65; 0
1.75; 0
1.85; 0
1.95; 0
2.05; 0
2.15; 0
2.25; 0
2.35; 0
2.45; 0
2.55; 0
2.65; 0
2.75; 0
2.85; 0
2.95; 0
3.05; 0
3.15; 0
3.25; 0
3.35; 0
3.45; 0
3.55; 0
3.65; 0
3.75; 0
3.85; 0
3.95; 12
4.05; 143
4.15; 742
4.25; 2406
4.35; 4927
4.45; 7859
4.55; 10083
4.65; 11053
4.75; 11223
4.85; 10484
4.95; 9066
5.05; 7422
5.15; 5906
5.25; 4594
5.35; 3297
5.45; 2459
5.55; 1751
5.65; 1199
5.75; 804
5.85; 519
5.95; 349
6.05; 237
6.15; 132
6.25; 87
6.35; 51
6.45; 44
6.55; 34
6.65; 18
6.75; 8
6.85; 7
6.95; 7
7.05; 10
7.15; 9
7.25; 3
7.35; 4
7.45; 2
7.55; 2
7.65; 5
7.75; 2
7.85; 2
7.95; 6
8.05; 3
8.15; 4
8.25; 3
8.35; 3
8.45; 2
8.55; 3
8.65; 1
8.75; 0
8.85; 0
8.95; 6
9.05; 0
9.15; 1
9.25; 2
9.35; 3
9.45; 1
9.55; 1
9.65; 2
9.75; 0
9.85; 3
9.95; 4
10.05; 2
10.15; 2
10.25; 4
10.35; 4
10.45; 1
10.55; 1
10.65; 3
10.75; 5
10.85; 5
10.95; 3
11.05; 4
11.15; 2
11.25; 3
11.35; 1
11.45; 0
11.55; 1
11.65; 1
11.75; 4
11.85; 5
11.95; 0
12.05; 1
12.15; 0
12.25; 4
12.35; 6
12.45; 4
12.55; 1
12.65; 0
12.75; 0
12.85; 0
12.95; 1
13.05; 0
13.15; 2
13.25; 0
13.35; 0
13.45; 4
13.55; 1
13.65; 5
13.75; 4
13.85; 1
13.95; 3
14.05; 4
14.15; 4
14.25; 2
14.35; 3
14.45; 1
14.55; 4
14.65; 1
14.75; 5
14.85; 1
14.95; 1
15.05; 2
15.15; 2
15.25; 4
15.35; 2
15.45; 1
15.55; 0
15.65; 2
15.75; 1
15.85; 4
15.95; 3
16.05; 2
16.15; 1
16.25; 2
16.35; 1
16.45; 2
16.55; 0
16.65; 1
16.75; 1
16.85; 2
16.95; 1
17.05; 2
17.15; 4
17.25; 1
17.35; 4
17.45; 2
17.55; 3
17.65; 5
17.75; 0
17.85; 3
17.95; 0
18.05; 2
18.15; 3
18.25; 5
18.35; 0
18.45; 3
18.55; 0
18.65; 4
18.75; 2
18.85; 4
18.95; 2
19.05; 5
19.15; 2
19.25; 3
19.35; 1
19.45; 1
19.55; 0
19.65; 2
19.75; 2
19.85; 0
19.95; 2
20.05; 1
20.15; 5
20.25; 1
20.35; 4
20.45; 1
20.55; 2
20.65; 2
20.75; 3
20.85; 2
20.95; 3
21.05; 3
21.15; 0
21.25; 2
21.35; 4
21.45; 2
21.55; 1
21.65; 1
21.75; 2
21.85; 3
21.95; 2
22.05; 3
22.15; 1
22.25; 0
22.35; 0
22.45; 4
22.55; 2
22.65; 1
22.75; 2
22.85; 0
22.95; 2
23.05; 3
23.15; 2
23.25; 0
23.35; 2
23.45; 0
23.55; 4
23.65; 2
23.75; 0
23.85; 1
23.95; 1
24.05; 2
24.15; 0
24.25; 1
24.35; 1
24.45; 2
24.55; 2
24.65; 3
24.75; 1
24.85; 5
24.95; 1
25.05; 0
25.15; 1
25.25; 3
25.35; 3
25.45; 3
25.55; 3
25.65; 0
25.75; 3
25.85; 3
25.95; 0
26.05; 3
26.15; 0
26.25; 2
26.35; 3
26.45; 3
26.55; 4
26.65; 0
26.75; 4
26.85; 0
26.95; 2
27.05; 1
27.15; 2
27.25; 0
27.35; 1
27.45; 0
27.55; 2
27.65; 3
27.75; 1
27.85; 2
27.95; 1
28.05; 3
28.15; 0
28.25; 1
28.35; 0
28.45; 0
28.55; 1
28.65; 1
28.75; 2
28.85; 0
28.95; 1
29.05; 1
29.15; 1
29.25; 2
29.35; 2
29.45; 1
29.55; 2
29.65; 2
29.75; 0
29.85; 2
29.95; 2
30.05; 1
30.15; 1
30.25; 1
30.35; 3
30.45; 4
30.55; 1
30.65; 0
30.75; 1
30.85; 3
30.95; 2
31.05; 2
31.15; 3
31.25; 1
31.35; 0
31.45; 1
31.55; 1
31.65; 1
31.75; 2
31.85; 0
31.95; 2
32.05; 1
32.15; 1
32.25; 2
32.35; 2
32.45; 1
32.55; 2
32.65; 0
32.75; 1
32.85; 2
32.95; 1
33.05; 1
33.15; 2
33.25; 2
33.35; 1
33.45; 1
33.55; 1
33.65; 2
33.75; 1
33.85; 0
33.95; 0
34.05; 2
34.15; 1
34.25; 1
34.35; 2
34.45; 1
34.55; 1
34.65; 0
34.75; 1
34.85; 1
34.95; 0
35.05; 1
35.15; 0
35.25; 2
35.35; 4
35.45; 1
35.55; 0
35.65; 0
35.75; 1
35.85; 2
35.95; 1
36.05; 1
36.15; 0
36.25; 1
36.35; 0
36.45; 1
36.55; 2
36.65; 0
36.75; 1
36.85; 2
36.95; 0
37.05; 0
37.15; 0
37.25; 0
37.35; 1
37.45; 2
37.55; 1
37.65; 1
37.75; 0
37.85; 1
37.95; 0
38.05; 0
38.15; 0
38.25; 0
38.35; 0
38.45; 1
38.55; 0
38.65; 3
38.75; 0
38.85; 2
38.95; 1
39.05; 1
39.15; 0
39.25; 3
39.35; 1
39.45; 1
39.55; 0
39.65; 0
39.75; 0
39.85; 0
39.95; 2
40.05; 2
40.15; 1
40.25; 2
40.35; 1
40.45; 1
40.55; 4
40.65; 1
40.75; 1
40.85; 0
40.95; 1
41.05; 0
41.15; 3
41.25; 1
41.35; 1
41.45; 3
41.55; 1
41.65; 0
41.75; 3
41.85; 0
41.95; 1
42.05; 1
42.15; 0
42.25; 0
42.35; 1
42.45; 1
42.55; 1
42.65; 0
42.75; 1
42.85; 0
42.95; 0
43.05; 0
43.15; 1
43.25; 1
43.35; 1
43.45; 0
43.55; 1
43.65; 1
43.75; 2
43.85; 0
43.95; 0
44.05; 1
44.15; 2
44.25; 0
44.35; 0
44.45; 3
44.55; 0
44.65; 1
44.75; 4
44.85; 1
44.95; 2
45.05; 1
45.15; 2
45.25; 2
45.35; 0
45.45; 1
45.55; 1
45.65; 1
45.75; 2
45.85; 0
45.95; 1
46.05; 1
46.15; 0
46.25; 0
46.35; 0
46.45; 2
46.55; 1
46.65; 1
46.75; 0
46.85; 3
46.95; 3
47.05; 0
47.15; 1
47.25; 1
47.35; 0
47.45; 2
47.55; 0
47.65; 1
47.75; 0
47.85; 1
47.95; 0
48.05; 0
48.15; 0
48.25; 1
48.35; 0
48.45; 0
48.55; 1
48.65; 1
48.75; 0
48.85; 0
48.95; 2
49.05; 1
49.15; 2
49.25; 1
49.35; 0
49.45; 1
49.55; 0
49.65; 2
49.75; 1
49.85; 1
49.95; 1
50.05; 0
50.15; 1
50.25; 0
50.35; 2
50.45; 0
50.55; 0
50.65; 1
50.75; 1
50.85; 0
50.95; 2
51.05; 0
51.15; 3
51.25; 1
51.35; 0
51.45; 0
51.55; 0
51.65; 0
51.75; 0
51.85; 1
51.95; 2
52.05; 1
52.15; 0
52.25; 1
52.35; 0
52.45; 0
52.55; 1
52.65; 0
52.75; 1
52.85; 0
52.95; 0
53.05; 0
53.15; 1
53.25; 1
53.35; 0
53.45; 2
53.55; 0
53.65; 0
53.75; 0
53.85; 0
53.95; 0
54.05; 3
54.15; 1
54.25; 0
54.35; 2
54.45; 0
54.55; 1
54.65; 0
54.75; 0
54.85; 0
54.95; 0
55.05; 0
55.15; 0
55.25; 1
55.35; 1
55.45; 1
55.55; 0
55.65; 1
55.75; 0
55.85; 2
55.95; 0
56.05; 0
56.15; 1
56.25; 0
56.35; 1
56.45; 1
56.55; 2
56.65; 0
56.75; 0
56.85; 1
56.95; 0
57.05; 1
57.15; 0
57.25; 0
57.35; 0
57.45; 2
57.55; 1
57.65; 0
57.75; 1
57.85; 0
57.95; 0
58.05; 1
58.15; 0
58.25; 0
58.35; 1
58.45; 1
58.55; 1
58.65; 0
58.75; 0
58.85; 0
58.95; 0
59.05; 0
59.15; 0
59.25; 0
59.35; 3
59.45; 0
59.55; 1
59.65; 0
59.75; 0
59.85; 0
59.95; 0
60.05; 0
60.15; 0
60.25; 1
60.35; 0
60.45; 0
60.55; 0
60.65; 0
60.75; 1
60.85; 0
60.95; 0
61.05; 0
61.15; 0
61.25; 0
61.35; 1
61.45; 0
61.55; 0
61.65; 0
61.75; 2
61.85; 1
61.95; 0
62.05; 0
62.15; 1
62.25; 0
62.35; 0
62.45; 1
62.55; 1
62.65; 1
62.75; 0
62.85; 0
62.95; 0
63.05; 0
63.15; 1
63.25; 0
63.35; 1
63.45; 0
63.55; 0
63.65; 0
63.75; 1
63.85; 1
63.95; 1
64.05; 1
64.15; 1
64.25; 1
64.35; 0
64.45; 0
64.55; 0
64.65; 0
64.75; 1
64.85; 0
64.95; 0
65.05; 2
65.15; 0
65.25; 0
65.35; 0
65.45; 0
65.55; 0
65.65; 0
65.75; 0
65.85; 1
65.95; 0
66.05; 2
66.15; 0
66.25; 0
66.35; 0
66.45; 1
66.55; 0
66.65; 0
66.75; 0
66.85; 0
66.95; 0
67.05; 0
67.15; 0
67.25; 0
67.35; 1
67.45; 0
67.55; 0
67.65; 0
67.75; 0
67.85; 0
67.95; 0
68.05; 0
68.15; 1
68.25; 0
68.35; 0
68.45; 0
68.55; 0
68.65; 0
68.75; 0
68.85; 0
68.95; 0
69.05; 0
69.15; 0
69.25; 0
69.35; 1
69.45; 0
69.55; 0
69.65; 0
69.75; 1
69.85; 1
69.95; 2
70.05; 0
70.15; 2
70.25; 1
70.35; 0
70.45; 1
70.55; 0
70.65; 0
70.75; 0
70.85; 0
70.95; 0
71.05; 0
71.15; 0
71.25; 0
71.35; 0
71.45; 0
71.55; 0
71.65; 0
71.75; 1
71.85; 1
71.95; 1
72.05; 0
72.15; 0
72.25; 0
72.35; 0
72.45; 0
72.55; 0
72.65; 0
72.75; 1
72.85; 0
72.95; 0
73.05; 0
73.15; 0
73.25; 0
73.35; 1
73.45; 0
73.55; 0
73.65; 2
73.75; 0
73.85; 0
73.95; 1
74.05; 1
74.15; 0
74.25; 1
74.35; 1
74.45; 1
74.55; 1
74.65; 1
74.75; 0
74.85; 0
74.95; 0
75.05; 0
75.15; 0
75.25; 0
75.35; 0
75.45; 0
75.55; 0
75.65; 1
75.75; 0
75.85; 0
75.95; 0
76.05; 1
76.15; 1
76.25; 1
76.35; 0
76.45; 0
76.55; 0
76.65; 0
76.75; 0
76.85; 2
76.95; 0
77.05; 1
77.15; 0
77.25; 1
77.35; 0
77.45; 0
77.55; 0
77.65; 0
77.75; 0
77.85; 0
77.95; 0
78.05; 0
78.15; 0
78.25; 0
78.35; 0
78.45; 0
78.55; 1
78.65; 0
78.75; 1
78.85; 0
78.95; 0
79.05; 0
79.15; 0
79.25; 0
79.35; 0
79.45; 0
79.55; 0
79.65; 0
79.75; 0
79.85; 0
79.95; 1
80.05; 1
80.15; 0
80.25; 0
80.35; 0
80.45; 0
80.55; 0
80.65; 0
80.75; 0
80.85; 0
80.95; 0
81.05; 0
81.15; 0
81.25; 0
81.35; 0
81.45; 0
81.55; 1
81.65; 0
81.75; 0
81.85; 0
81.95; 0
82.05; 1
82.15; 0
82.25; 1
82.35; 0
82.45; 0
82.55; 0
82.65; 0
82.75; 0
82.85; 0
82.95; 0
83.05; 0
83.15; 0
83.25; 0
83.35; 0
83.45; 1
83.55; 1
83.65; 0
83.75; 2
83.85; 0
83.95; 0
84.05; 0
84.15; 0
84.25; 0
84.35; 0
84.45; 0
84.55; 1
84.65; 0
84.75; 0
84.85; 0
84.95; 0
85.05; 0
85.15; 0
85.25; 0
85.35; 0
85.45; 1
85.55; 0
85.65; 2
85.75; 0
85.85; 0
85.95; 0
86.05; 0
86.15; 0
86.25; 0
86.35; 0
86.45; 0
86.55; 0
86.65; 0
86.75; 0
86.85; 0
86.95; 0
87.05; 0
87.15; 0
87.25; 0
87.35; 0
87.45; 0
87.55; 0
87.65; 0
87.75; 0
87.85; 0
87.95; 0
88.05; 0
88.15; 0
88.25; 0
88.35; 0
88.45; 0
88.55; 1
88.65; 1
88.75; 0
88.85; 0
88.95; 1
89.05; 0
89.15; 0
89.25; 0
89.35; 0
89.45; 0
89.55; 0
89.65; 0
89.75; 0
89.85; 0
89.95; 0
90.05; 0
90.15; 0
90.25; 0
90.35; 0
90.45; 0
90.55; 0
90.65; 0
90.75; 0
90.85; 0
90.95; 0
91.05; 0
91.15; 1
91.25; 0
91.35; 0
91.45; 0
91.55; 0
91.65; 0
91.75; 0
91.85; 0
91.95; 0
92.05; 0
92.15; 0
92.25; 0
92.35; 0
92.45; 0
92.55; 0
92.65; 1
92.75; 0
92.85; 0
92.95; 0
93.05; 0
93.15; 0
93.25; 1
93.35; 0
93.45; 1
93.55; 0
93.65; 0
93.75; 0
93.85; 0
93.95; 1
94.05; 0
94.15; 0
94.25; 0
94.35; 1
94.45; 0
94.55; 0
94.65; 0
94.75; 0
94.85; 0
94.95; 0
95.05; 0
95.15; 0
95.25; 0
95.35; 0
95.45; 0
95.55; 0
95.65; 0
95.75; 0
95.85; 1
95.95; 1
96.05; 0
96.15; 1
96.25; 0
96.35; 0
96.45; 0
96.55; 1
96.65; 0
96.75; 0
96.85; 0
96.95; 0
97.05; 0
97.15; 0
97.25; 0
97.35; 0
97.45; 0
97.55; 0
97.65; 0
97.75; 0
97.85; 0
97.95; 1
98.05; 0
98.15; 0
98.25; 0
98.35; 1
98.45; 0
98.55; 0
98.65; 0
98.75; 0
98.85; 0
98.95; 0
99.05; 0
99.15; 0
99.25; 0
99.35; 0
99.45; 0
99.55; 0
99.65; 1
99.75; 1
99.85; 0
