0.025; 4
0.075; 1
0.125; 3
0.175; 4
0.225; 4
0.275; 3
0.325; 3
0.375; 0
0.425; 4
0.475; 1
0.525; 2
0.575; 1
0.625; 1
0.675; 3
0.725; 5
0.775; 2
0.825; 2
0.875; 4
0.925; 0
0.975; 5
1.025; 1
1.075; 0
1.125; 1
1.175; 3
1.225; 2
1.275; 5
1.325; 2
1.375; 1
1.425; 2
1.475; 4
1.525; 0
1.575; 2
1.625; 4
1.675; 2
1.725; 0
1.775; 1
1.825; 3
1.875; 4
1.925; 0
1.975; 1
2.025; 1
2.075; 4
2.125; 1
2.175; 1
2.225; 3
2.275; 2
2.325; 1
2.375; 3
2.425; 3
2.475; 3
2.525; 3
2.575; 1
2.625; 2
2.675; 0
2.725; 2
2.775; 1
2.825; 3
2.875; 0
2.925; 0
2.975; 0
3.025; 2
3.075; 1
3.125; 4
3.175; 0
3.225; 2
3.275; 1
3.325; 2
3.375; 3
3.425; 1
3.475; 2
3.525; 3
3.575; 2
3.625; 2
3.675; 0
3.725; 4
3.775; 2
3.825; 2
3.875; 2
3.925; 1
3.975; 3
4.025; 2
4.075; 2
4.125; 4
4.175; 1
4.225; 0
4.275; 0
4.325; 3
4.375; 2
4.425; 2
4.475; 1
4.525; 3
4.575; 0
4.625; 3
4.675; 1
4.725; 0
4.775; 1
4.825; 1
4.875; 1
4.925; 3
4.975; 2
5.025; 3
5.075; 1
5.125; 1
5.175; 1
5.225; 0
5.275; 0
5.325; 3
5.375; 1
5.425; 1
5.475; 3
5.525; 6
5.575; 1
5.625; 3
5.675; 1
5.725; 1
5.775; 2
5.825; 0
5.875; 2
5.925; 1
5.975; 0
6.025; 0
6.075; 0
6.125; 1
6.175; 1
6.225; 1
6.275; 1
6.325; 1
6.375; 4
6.425; 1
6.475; 3
6.525; 0
6.575; 4
6.625; 1
6.675; 2
6.725; 2
6.775; 2
6.825; 3
6.875; 1
6.925; 4
6.975; 2
7.025; 6
7.075; 9
7.125; 3
7.175; 5
7.225; 7
7.275; 12
7.325; 13
7.375; 18
7.425; 14
7.475; 18
7.525; 22
7.575; 21
7.625; 35
7.675; 33
7.725; 29
7.775; 28
7.825; 44
7.875; 31
7.925; 47
7.975; 41
8.025; 44
8.075; 31
8.125; 47
8.175; 47
8.225; 41
8.275; 43
8.325; 46
8.375; 34
8.425; 33
8.475; 34
8.525; 33
8.575; 29
8.625; 29
8.675; 38
8.725; 39
8.775; 27
8.825; 38
8.875; 36
8.925; 25
8.975; 32
9.025; 20
9.075; 17
9.125; 23
9.175; 19
9.225; 14
9.275; 25
9.325; 21
9.375; 9
9.425; 14
9.475; 22
9.525; 12
9.575; 20
9.625; 20
9.675; 15
9.725; 27
9.775; 18
9.825; 16
9.875; 16
9.925; 18
9.975; 17
10.025; 10
10.075; 9
10.125; 11
10.175; 7
10.225; 11
10.275; 7
10.325; 7
10.375; 8
10.425; 3
10.475; 5
10.525; 7
10.575; 2
10.625; 3
10.675; 2
10.725; 4
10.775; 5
10.825; 4
10.875; 4
10.925; 3
10.975; 2
11.025; 0
11.075; 1
11.125; 2
11.175; 0
11.225; 0
11.275; 3
11.325; 0
11.375; 0
11.425; 0
11.475; 0
11.525; 0
11.575; 0
11.625; 1
11.675; 0
11.725; 1
11.775; 0
11.825; 0
11.875; 1
11.925; 0
11.975; 0
12.025; 1
12.075; 0
12.125; 2
12.175; 0
12.225; 1
12.275; 0
12.325; 0
12.375; 1
12.425; 0
12.475; 0
12.525; 1
12.575; 1
12.625; 0
12.675; 0
12.725; 0
12.775; 1
12.825; 1
12.875; 0
12.925; 2
12.975; 1
13.025; 0
13.075; 0
13.125; 0
13.175; 0
13.225; 0
13.275; 1
13.325; 0
13.375; 0
13.425; 1
13.475; 0
13.525; 0
13.575; 0
13.625; 2
13.675; 0
13.725; 0
13.775; 1
13.825; 0
13.875; 0
13.925; 0
13.975; 0
14.025; 0
14.075; 0
14.125; 0
14.175; 1
14.225; 1
14.275; 1
14.325; 0
14.375; 0
14.425; 0
14.475; 0
14.525; 0
14.575; 1
14.625; 3
14.675; 0
14.725; 0
14.775; 0
14.825; 0
14.875; 2
14.925; 0
14.975; 0
15.025; 0
15.075; 1
15.125; 0
15.175; 0
15.225; 1
15.275; 0
15.325; 1
15.375; 2
15.425; 1
15.475; 3
15.525; 1
15.575; 0
15.625; 0
15.675; 1
15.725; 0
15.775; 1
15.825; 0
15.875; 1
15.925; 1
15.975; 1
16.025; 0
16.075; 0
16.125; 2
16.175; 1
16.225; 1
16.275; 0
16.325; 1
16.375; 0
16.425; 1
16.475; 1
16.525; 0
16.575; 1
16.625; 2
16.675; 2
16.725; 3
16.775; 0
16.825; 1
16.875; 0
16.925; 1
16.975; 0
17.025; 2
17.075; 1
17.125; 0
17.175; 1
17.225; 1
17.275; 3
17.325; 1
17.375; 1
17.425; 2
17.475; 0
17.525; 0
17.575; 2
17.625; 2
17.675; 0
17.725; 0
17.775; 2
17.825; 1
17.875; 2
17.925; 0
17.975; 0
18.025; 0
18.075; 1
18.125; 0
18.175; 1
18.225; 1
18.275; 1
18.325; 1
18.375; 0
18.425; 6
18.475; 1
18.525; 0
18.575; 1
18.625; 1
18.675; 2
18.725; 0
18.775; 0
18.825; 2
18.875; 0
18.925; 1
18.975; 1
19.025; 0
19.075; 0
19.125; 2
19.175; 1
19.225; 1
19.275; 0
19.325; 0
19.375; 0
19.425; 2
19.475; 0
19.525; 2
19.575; 1
19.625; 2
19.675; 0
19.725; 0
19.775; 2
19.825; 0
19.875; 2
19.925; 1
19.975; 3
20.025; 1
20.075; 1
20.125; 0
20.175; 2
20.225; 2
20.275; 0
20.325; 1
20.375; 0
20.425; 1
20.475; 0
20.525; 0
20.575; 0
20.625; 1
20.675; 1
20.725; 1
20.775; 1
20.825; 2
20.875; 1
20.925; 1
20.975; 1
21.025; 1
21.075; 1
21.125; 1
21.175; 0
21.225; 1
21.275; 1
21.325; 0
21.375; 0
21.425; 1
21.475; 0
21.525; 0
21.575; 0
21.625; 0
21.675; 1
21.725; 1
21.775; 2
21.825; 0
21.875; 0
21.925; 1
21.975; 0
22.025; 0
22.075; 0
22.125; 0
22.175; 0
22.225; 0
22.275; 0
22.325; 0
22.375; 1
22.425; 2
22.475; 1
22.525; 0
22.575; 0
22.625; 1
22.675; 1
22.725; 1
22.775; 0
22.825; 0
22.875; 0
22.925; 0
22.975; 0
23.025; 0
23.075; 1
23.125; 0
23.175; 1
23.225; 1
23.275; 1
23.325; 1
23.375; 0
23.425; 0
23.475; 0
23.525; 0
23.575; 0
23.625; 1
23.675; 0
23.725; 1
23.775; 0
23.825; 1
23.875; 0
23.925; 2
23.975; 0
24.025; 0
24.075; 2
24.125; 0
24.175; 0
24.225; 0
24.275; 0
24.325; 1
24.375; 1
24.425; 1
24.475; 1
24.525; 1
24.575; 0
24.625; 0
24.675; 2
24.725; 1
24.775; 1
24.825; 0
24.875; 2
24.925; 0
24.975; 1
25.025; 1
25.075; 0
25.125; 2
25.175; 1
25.225; 0
25.275; 0
25.325; 0
25.375; 0
25.425; 0
25.475; 0
25.525; 0
25.575; 1
25.625; 3
25.675; 1
25.725; 1
25.775; 0
25.825; 0
25.875; 1
25.925; 0
25.975; 2
26.025; 1
26.075; 1
26.125; 1
26.175; 2
26.225; 0
26.275; 0
26.325; 0
26.375; 1
26.425; 1
26.475; 1
26.525; 0
26.575; 0
26.625; 0
26.675; 0
26.725; 0
26.775; 0
26.825; 0
26.875; 0
26.925; 0
26.975; 1
27.025; 0
27.075; 0
27.125; 0
27.175; 0
27.225; 0
27.275; 0
27.325; 1
27.375; 1
27.425; 0
27.475; 1
27.525; 0
27.575; 1
27.625; 0
27.675; 1
27.725; 0
27.775; 1
27.825; 0
27.875; 0
27.925; 0
27.975; 0
28.025; 4
28.075; 0
28.125; 0
28.175; 0
28.225; 0
28.275; 1
28.325; 0
28.375; 0
28.425; 1
28.475; 0
28.525; 0
28.575; 0
28.625; 0
28.675; 0
28.725; 1
28.775; 0
28.825; 0
28.875; 0
28.925; 1
28.975; 0
29.025; 0
29.075; 0
29.125; 1
29.175; 0
29.225; 0
29.275; 1
29.325; 1
29.375; 1
29.425; 0
29.475; 1
29.525; 0
29.575; 0
29.625; 1
29.675; 0
29.725; 0
29.775; 0
29.825; 0
29.875; 0
29.925; 0
29.975; 0
30.025; 1
30.075; 0
30.125; 0
30.175; 0
30.225; 0
30.275; 2
30.325; 0
30.375; 1
30.425; 0
30.475; 0
30.525; 0
30.575; 1
30.625; 0
30.675; 1
30.725; 0
30.775; 0
30.825; 0
30.875; 0
30.925; 1
30.975; 0
31.025; 1
31.075; 1
31.125; 0
31.175; 2
31.225; 0
31.275; 0
31.325; 0
31.375; 0
31.425; 1
31.475; 0
31.525; 1
31.575; 0
31.625; 1
31.675; 0
31.725; 1
31.775; 2
31.825; 1
31.875; 0
31.925; 0
31.975; 0
32.025; 0
32.075; 0
32.125; 0
32.175; 0
32.225; 3
32.275; 0
32.325; 0
32.375; 0
32.425; 0
32.475; 2
32.525; 0
32.575; 1
32.625; 0
32.675; 0
32.725; 2
32.775; 0
32.825; 0
32.875; 0
32.925; 0
32.975; 0
33.025; 1
33.075; 1
33.125; 0
33.175; 1
33.225; 1
33.275; 0
33.325; 2
33.375; 0
33.425; 0
33.475; 0
33.525; 0
33.575; 1
33.625; 0
33.675; 0
33.725; 0
33.775; 0
33.825; 0
33.875; 0
33.925; 0
33.975; 0
34.025; 0
34.075; 0
34.125; 1
34.175; 0
34.225; 0
34.275; 0
34.325; 0
34.375; 0
34.425; 0
34.475; 0
34.525; 0
34.575; 0
34.625; 1
34.675; 0
34.725; 0
34.775; 0
34.825; 0
34.875; 0
34.925; 0
34.975; 1
35.025; 1
35.075; 0
35.125; 0
35.175; 0
35.225; 0
35.275; 0
35.325; 1
35.375; 0
35.425; 2
35.475; 0
35.525; 1
35.575; 0
35.625; 0
35.675; 0
35.725; 0
35.775; 0
35.825; 0
35.875; 1
35.925; 1
35.975; 1
36.025; 0
36.075; 0
36.125; 1
36.175; 0
36.225; 0
36.275; 0
36.325; 0
36.375; 0
36.425; 0
36.475; 0
36.525; 0
36.575; 0
36.625; 0
36.675; 0
36.725; 0
36.775; 0
36.825; 0
36.875; 0
36.925; 0
36.975; 0
37.025; 1
37.075; 0
37.125; 1
37.175; 0
37.225; 1
37.275; 0
37.325; 0
37.375; 0
37.425; 0
37.475; 1
37.525; 0
37.575; 0
37.625; 0
37.675; 0
37.725; 1
37.775; 0
37.825; 1
37.875; 1
37.925; 1
37.975; 0
38.025; 1
38.075; 1
38.125; 0
38.175; 0
38.225; 0
38.275; 0
38.325; 0
38.375; 0
38.425; 1
38.475; 0
38.525; 0
38.575; 0
38.625; 0
38.675; 0
38.725; 0
38.775; 0
38.825; 0
38.875; 0
38.925; 1
38.975; 1
39.025; 0
39.075; 0
39.125; 0
39.175; 2
39.225; 1
39.275; 0
39.325; 0
39.375; 0
39.425; 0
39.475; 1
39.525; 0
39.575; 1
39.625; 0
39.675; 0
39.725; 0
39.775; 0
39.825; 0
39.875; 0
39.925; 0
39.975; 0
40.025; 0
40.075; 1
40.125; 0
40.175; 0
40.225; 0
40.275; 1
40.325; 0
40.375; 0
40.425; 0
40.475; 0
40.525; 0
40.575; 0
40.625; 1
40.675; 1
40.725; 0
40.775; 0
40.825; 0
40.875; 0
40.925; 0
40.975; 0
41.025; 0
41.075; 0
41.125; 0
41.175; 0
41.225; 0
41.275; 0
41.325; 0
41.375; 2
41.425; 1
41.475; 0
41.525; 0
41.575; 0
41.625; 0
41.675; 0
41.725; 0
41.775; 0
41.825; 0
41.875; 0
41.925; 0
41.975; 0
42.025; 0
42.075; 0
42.125; 0
42.175; 0
42.225; 0
42.275; 0
42.325; 0
42.375; 0
42.425; 0
42.475; 0
42.525; 0
42.575; 1
42.625; 0
42.675; 0
42.725; 1
42.775; 0
42.825; 0
42.875; 2
42.925; 0
42.975; 0
43.025; 0
43.075; 0
43.125; 1
43.175; 0
43.225; 0
43.275; 0
43.325; 0
43.375; 0
43.425; 1
43.475; 1
43.525; 0
43.575; 0
43.625; 2
43.675; 0
43.725; 0
43.775; 0
43.825; 0
43.875; 0
43.925; 0
43.975; 0
44.025; 0
44.075; 0
44.125; 0
44.175; 0
44.225; 0
44.275; 0
44.325; 0
44.375; 0
44.425; 0
44.475; 0
44.525; 0
44.575; 0
44.625; 0
44.675; 0
44.725; 0
44.775; 1
44.825; 0
44.875; 0
44.925; 1
44.975; 0
45.025; 0
45.075; 0
45.125; 1
45.175; 0
45.225; 0
45.275; 0
45.325; 0
45.375; 0
45.425; 0
45.475; 0
45.525; 0
45.575; 0
45.625; 0
45.675; 0
45.725; 1
45.775; 1
45.825; 0
45.875; 0
45.925; 0
45.975; 0
46.025; 1
46.075; 0
46.125; 0
46.175; 0
46.225; 0
46.275; 1
46.325; 0
46.375; 0
46.425; 0
46.475; 0
46.525; 0
46.575; 0
46.625; 0
46.675; 0
46.725; 0
46.775; 0
46.825; 0
46.875; 0
46.925; 0
46.975; 0
47.025; 0
47.075; 0
47.125; 0
47.175; 0
47.225; 0
47.275; 0
47.325; 0
47.375; 0
47.425; 0
47.475; 0
47.525; 0
47.575; 0
47.625; 0
47.675; 0
47.725; 0
47.775; 0
47.825; 0
47.875; 0
47.925; 0
47.975; 0
48.025; 0
48.075; 0
48.125; 0
48.175; 0
48.225; 0
48.275; 0
48.325; 0
48.375; 0
48.425; 0
48.475; 0
48.525; 0
48.575; 0
48.625; 0
48.675; 0
48.725; 0
48.775; 0
48.825; 0
48.875; 0
48.925; 0
48.975; 0
49.025; 0
49.075; 1
49.125; 0
49.175; 2
49.225; 0
49.275; 0
49.325; 0
49.375; 1
49.425; 0
49.475; 0
49.525; 0
49.575; 0
49.625; 0
49.675; 0
49.725; 0
49.775; 0
49.825; 0
49.875; 0
49.925; 0
