0.025; 9
0.075; 6
0.125; 4
0.175; 5
0.225; 3
0.275; 2
0.325; 2
0.375; 4
0.425; 6
0.475; 5
0.525; 1
0.575; 4
0.625; 1
0.675; 3
0.725; 3
0.775; 2
0.825; 2
0.875; 2
0.925; 1
0.975; 2
1.025; 5
1.075; 2
1.125; 6
1.175; 1
1.225; 0
1.275; 1
1.325; 4
1.375; 2
1.425; 3
1.475; 2
1.525; 2
1.575; 2
1.625; 4
1.675; 4
1.725; 2
1.775; 6
1.825; 2
1.875; 3
1.925; 3
1.975; 1
2.025; 3
2.075; 5
2.125; 2
2.175; 1
2.225; 2
2.275; 0
2.325; 5
2.375; 3
2.425; 6
2.475; 1
2.525; 2
2.575; 3
2.625; 0
2.675; 5
2.725; 5
2.775; 0
2.825; 2
2.875; 6
2.925; 3
2.975; 2
3.025; 7
3.075; 6
3.125; 1
3.175; 3
3.225; 0
3.275; 4
3.325; 5
3.375; 3
3.425; 3
3.475; 2
3.525; 3
3.575; 3
3.625; 2
3.675; 3
3.725; 5
3.775; 2
3.825; 1
3.875; 4
3.925; 2
3.975; 4
4.025; 3
4.075; 2
4.125; 2
4.175; 3
4.225; 2
4.275; 3
4.325; 3
4.375; 4
4.425; 4
4.475; 2
4.525; 4
4.575; 1
4.625; 2
4.675; 3
4.725; 7
4.775; 2
4.825; 0
4.875; 3
4.925; 3
4.975; 1
5.025; 2
5.075; 6
5.125; 2
5.175; 1
5.225; 2
5.275; 3
5.325; 2
5.375; 1
5.425; 4
5.475; 0
5.525; 4
5.575; 3
5.625; 3
5.675; 1
5.725; 2
5.775; 4
5.825; 0
5.875; 1
5.925; 6
5.975; 1
6.025; 2
6.075; 0
6.125; 2
6.175; 4
6.225; 0
6.275; 1
6.325; 3
6.375; 1
6.425; 3
6.475; 1
6.525; 1
6.575; 2
6.625; 3
6.675; 1
6.725; 1
6.775; 4
6.825; 0
6.875; 4
6.925; 1
6.975; 4
7.025; 1
7.075; 2
7.125; 0
7.175; 2
7.225; 2
7.275; 4
7.325; 1
7.375; 0
7.425; 2
7.475; 1
7.525; 0
7.575; 3
7.625; 1
7.675; 2
7.725; 2
7.775; 6
7.825; 4
7.875; 3
7.925; 3
7.975; 3
8.025; 2
8.075; 2
8.125; 7
8.175; 6
8.225; 4
8.275; 3
8.325; 2
8.375; 2
8.425; 4
8.475; 4
8.525; 2
8.575; 2
8.625; 4
8.675; 5
8.725; 4
8.775; 2
8.825; 9
8.875; 3
8.925; 3
8.975; 2
9.025; 2
9.075; 0
9.125; 4
9.175; 6
9.225; 4
9.275; 3
9.325; 4
9.375; 3
9.425; 5
9.475; 2
9.525; 3
9.575; 2
9.625; 3
9.675; 6
9.725; 0
9.775; 0
9.825; 0
9.875; 3
9.925; 3
9.975; 4
10.025; 1
10.075; 2
10.125; 3
10.175; 0
10.225; 4
10.275; 2
10.325; 0
10.375; 2
10.425; 0
10.475; 4
10.525; 0
10.575; 0
10.625; 1
10.675; 0
10.725; 1
10.775; 0
10.825; 1
10.875; 2
10.925; 0
10.975; 0
11.025; 0
11.075; 1
11.125; 0
11.175; 0
11.225; 1
11.275; 1
11.325; 1
11.375; 3
11.425; 0
11.475; 0
11.525; 2
11.575; 1
11.625; 0
11.675; 0
11.725; 0
11.775; 0
11.825; 0
11.875; 0
11.925; 1
11.975; 0
12.025; 0
12.075; 1
12.125; 1
12.175; 0
12.225; 1
12.275; 2
12.325; 0
12.375; 1
12.425; 1
12.475; 1
12.525; 0
12.575; 0
12.625; 0
12.675; 0
12.725; 1
12.775; 0
12.825; 1
12.875; 0
12.925; 1
12.975; 0
13.025; 0
13.075; 0
13.125; 1
13.175; 0
13.225; 0
13.275; 0
13.325; 0
13.375; 0
13.425; 0
13.475; 1
13.525; 0
13.575; 2
13.625; 2
13.675; 0
13.725; 1
13.775; 0
13.825; 3
13.875; 6
13.925; 4
13.975; 3
14.025; 7
14.075; 3
14.125; 7
14.175; 7
14.225; 10
14.275; 11
14.325; 5
14.375; 4
14.425; 6
14.475; 10
14.525; 10
14.575; 10
14.625; 9
14.675; 11
14.725; 12
14.775; 15
14.825; 15
14.875; 14
14.925; 15
14.975; 17
15.025; 10
15.075; 11
15.125; 17
15.175; 7
15.225; 11
15.275; 13
15.325; 5
15.375; 10
15.425; 16
15.475; 7
15.525; 9
15.575; 14
15.625; 10
15.675; 9
15.725; 5
15.775; 12
15.825; 12
15.875; 11
15.925; 6
15.975; 12
16.025; 10
16.075; 8
16.125; 10
16.175; 9
16.225; 14
16.275; 9
16.325; 11
16.375; 11
16.425; 11
16.475; 8
16.525; 7
16.575; 10
16.625; 8
16.675; 4
16.725; 9
16.775; 4
16.825; 6
16.875; 10
16.925; 12
16.975; 8
17.025; 7
17.075; 8
17.125; 9
17.175; 9
17.225; 3
17.275; 13
17.325; 8
17.375; 6
17.425; 3
17.475; 4
17.525; 8
17.575; 9
17.625; 6
17.675; 6
17.725; 4
17.775; 5
17.825; 6
17.875; 10
17.925; 3
17.975; 5
18.025; 5
18.075; 7
18.125; 10
18.175; 5
18.225; 5
18.275; 6
18.325; 5
18.375; 7
18.425; 6
18.475; 6
18.525; 9
18.575; 5
18.625; 2
18.675; 7
18.725; 4
18.775; 6
18.825; 2
18.875; 4
18.925; 3
18.975; 4
19.025; 4
19.075; 4
19.125; 5
19.175; 4
19.225; 3
19.275; 2
19.325; 2
19.375; 4
19.425; 8
19.475; 5
19.525; 3
19.575; 2
19.625; 3
19.675; 5
19.725; 5
19.775; 4
19.825; 3
19.875; 6
19.925; 5
19.975; 2
20.025; 6
20.075; 0
20.125; 2
20.175; 3
20.225; 5
20.275; 4
20.325; 8
20.375; 3
20.425; 3
20.475; 3
20.525; 5
20.575; 2
20.625; 4
20.675; 3
20.725; 2
20.775; 1
20.825; 2
20.875; 7
20.925; 1
20.975; 6
21.025; 3
21.075; 1
21.125; 3
21.175; 3
21.225; 2
21.275; 5
21.325; 3
21.375; 2
21.425; 1
21.475; 9
21.525; 2
21.575; 2
21.625; 3
21.675; 2
21.725; 1
21.775; 8
21.825; 1
21.875; 3
21.925; 2
21.975; 3
22.025; 6
22.075; 2
22.125; 4
22.175; 1
22.225; 2
22.275; 3
22.325; 3
22.375; 2
22.425; 3
22.475; 1
22.525; 1
22.575; 5
22.625; 3
22.675; 2
22.725; 2
22.775; 1
22.825; 0
22.875; 1
22.925; 3
22.975; 4
23.025; 5
23.075; 2
23.125; 1
23.175; 2
23.225; 3
23.275; 1
23.325; 1
23.375; 1
23.425; 5
23.475; 2
23.525; 1
23.575; 1
23.625; 1
23.675; 4
23.725; 1
23.775; 3
23.825; 3
23.875; 1
23.925; 4
23.975; 2
24.025; 3
24.075; 3
24.125; 0
24.175; 2
24.225; 3
24.275; 1
24.325; 2
24.375; 1
24.425; 0
24.475; 1
24.525; 4
24.575; 0
24.625; 3
24.675; 2
24.725; 3
24.775; 3
24.825; 2
24.875; 3
24.925; 2
24.975; 2
25.025; 0
25.075; 0
25.125; 5
25.175; 3
25.225; 4
25.275; 2
25.325; 1
25.375; 2
25.425; 4
25.475; 1
25.525; 2
25.575; 2
25.625; 4
25.675; 2
25.725; 2
25.775; 0
25.825; 1
25.875; 1
25.925; 2
25.975; 4
26.025; 2
26.075; 2
26.125; 4
26.175; 3
26.225; 1
26.275; 3
26.325; 3
26.375; 3
26.425; 1
26.475; 4
26.525; 2
26.575; 2
26.625; 2
26.675; 2
26.725; 1
26.775; 2
26.825; 2
26.875; 2
26.925; 2
26.975; 1
27.025; 1
27.075; 0
27.125; 1
27.175; 4
27.225; 1
27.275; 3
27.325; 1
27.375; 1
27.425; 3
27.475; 2
27.525; 1
27.575; 0
27.625; 3
27.675; 2
27.725; 0
27.775; 1
27.825; 4
27.875; 1
27.925; 1
27.975; 0
28.025; 1
28.075; 0
28.125; 1
28.175; 3
28.225; 1
28.275; 3
28.325; 1
28.375; 3
28.425; 1
28.475; 3
28.525; 0
28.575; 1
28.625; 0
28.675; 1
28.725; 1
28.775; 0
28.825; 0
28.875; 0
28.925; 0
28.975; 1
29.025; 2
29.075; 1
29.125; 4
29.175; 4
29.225; 2
29.275; 1
29.325; 0
29.375; 1
29.425; 2
29.475; 1
29.525; 1
29.575; 1
29.625; 3
29.675; 1
29.725; 1
29.775; 1
29.825; 0
29.875; 1
29.925; 1
29.975; 0
30.025; 1
30.075; 1
30.125; 0
30.175; 3
30.225; 0
30.275; 1
30.325; 0
30.375; 3
30.425; 1
30.475; 2
30.525; 0
30.575; 2
30.625; 2
30.675; 2
30.725; 2
30.775; 0
30.825; 2
30.875; 0
30.925; 0
30.975; 0
31.025; 1
31.075; 0
31.125; 4
31.175; 0
31.225; 1
31.275; 2
31.325; 2
31.375; 0
31.425; 0
31.475; 0
31.525; 2
31.575; 1
31.625; 1
31.675; 2
31.725; 1
31.775; 1
31.825; 0
31.875; 0
31.925; 3
31.975; 1
32.025; 1
32.075; 1
32.125; 0
32.175; 0
32.225; 1
32.275; 0
32.325; 1
32.375; 1
32.425; 0
32.475; 0
32.525; 0
32.575; 0
32.625; 0
32.675; 0
32.725; 2
32.775; 0
32.825; 1
32.875; 1
32.925; 1
32.975; 0
33.025; 1
33.075; 0
33.125; 0
33.175; 1
33.225; 0
33.275; 0
33.325; 1
33.375; 0
33.425; 1
33.475; 1
33.525; 0
33.575; 1
33.625; 1
33.675; 0
33.725; 0
33.775; 0
33.825; 0
33.875; 2
33.925; 0
33.975; 1
34.025; 0
34.075; 0
34.125; 0
34.175; 0
34.225; 0
34.275; 0
34.325; 0
34.375; 0
34.425; 3
34.475; 0
34.525; 0
34.575; 0
34.625; 2
34.675; 2
34.725; 2
34.775; 0
34.825; 0
34.875; 1
34.925; 0
34.975; 1
35.025; 2
35.075; 0
35.125; 1
35.175; 0
35.225; 0
35.275; 1
35.325; 0
35.375; 0
35.425; 1
35.475; 2
35.525; 0
35.575; 0
35.625; 1
35.675; 0
35.725; 0
35.775; 2
35.825; 1
35.875; 0
35.925; 2
35.975; 0
36.025; 0
36.075; 1
36.125; 0
36.175; 0
36.225; 0
36.275; 0
36.325; 1
36.375; 2
36.425; 0
36.475; 0
36.525; 0
36.575; 1
36.625; 2
36.675; 2
36.725; 1
36.775; 0
36.825; 0
36.875; 0
36.925; 0
36.975; 0
37.025; 1
37.075; 0
37.125; 0
37.175; 1
37.225; 1
37.275; 2
37.325; 0
37.375; 0
37.425; 1
37.475; 0
37.525; 1
37.575; 0
37.625; 2
37.675; 0
37.725; 0
37.775; 2
37.825; 1
37.875; 0
37.925; 0
37.975; 2
38.025; 2
38.075; 0
38.125; 0
38.175; 0
38.225; 2
38.275; 1
38.325; 0
38.375; 1
38.425; 1
38.475; 0
38.525; 0
38.575; 0
38.625; 0
38.675; 0
38.725; 2
38.775; 0
38.825; 0
38.875; 0
38.925; 0
38.975; 0
39.025; 0
39.075; 0
39.125; 0
39.175; 0
39.225; 0
39.275; 0
39.325; 0
39.375; 1
39.425; 1
39.475; 1
39.525; 0
39.575; 1
39.625; 0
39.675; 0
39.725; 0
39.775; 0
39.825; 1
39.875; 0
39.925; 0
39.975; 0
40.025; 0
40.075; 0
40.125; 2
40.175; 3
40.225; 0
40.275; 3
40.325; 1
40.375; 0
40.425; 1
40.475; 0
40.525; 0
40.575; 0
40.625; 0
40.675; 1
40.725; 0
40.775; 0
40.825; 1
40.875; 0
40.925; 0
40.975; 0
41.025; 0
41.075; 1
41.125; 1
41.175; 0
41.225; 0
41.275; 0
41.325; 0
41.375; 0
41.425; 0
41.475; 0
41.525; 0
41.575; 0
41.625; 1
41.675; 2
41.725; 1
41.775; 1
41.825; 0
41.875; 0
41.925; 0
41.975; 0
42.025; 2
42.075; 0
42.125; 0
42.175; 0
42.225; 1
42.275; 0
42.325; 0
42.375; 1
42.425; 0
42.475; 1
42.525; 0
42.575; 0
42.625; 0
42.675; 0
42.725; 1
42.775; 0
42.825; 0
42.875; 2
42.925; 0
42.975; 0
43.025; 0
43.075; 0
43.125; 1
43.175; 3
43.225; 0
43.275; 0
43.325; 2
43.375; 0
43.425; 0
43.475; 0
43.525; 0
43.575; 0
43.625; 1
43.675; 0
43.725; 1
43.775; 0
43.825; 0
43.875; 2
43.925; 1
43.975; 1
44.025; 0
44.075; 2
44.125; 0
44.175; 0
44.225; 0
44.275; 0
44.325; 0
44.375; 2
44.425; 0
44.475; 0
44.525; 1
44.575; 1
44.625; 2
44.675; 0
44.725; 1
44.775; 0
44.825; 0
44.875; 0
44.925; 1
44.975; 0
45.025; 0
45.075; 0
45.125; 1
45.175; 0
45.225; 0
45.275; 1
45.325; 1
45.375; 0
45.425; 1
45.475; 0
45.525; 1
45.575; 0
45.625; 0
45.675; 0
45.725; 0
45.775; 1
45.825; 0
45.875; 0
45.925; 1
45.975; 0
46.025; 0
46.075; 0
46.125; 0
46.175; 1
46.225; 1
46.275; 1
46.325; 1
46.375; 0
46.425; 0
46.475; 1
46.525; 2
46.575; 0
46.625; 1
46.675; 1
46.725; 0
46.775; 0
46.825; 0
46.875; 0
46.925; 1
46.975; 0
47.025; 0
47.075; 0
47.125; 1
47.175; 0
47.225; 0
47.275; 1
47.325; 0
47.375; 0
47.425; 1
47.475; 0
47.525; 0
47.575; 0
47.625; 0
47.675; 0
47.725; 1
47.775; 0
47.825; 0
47.875; 0
47.925; 0
47.975; 0
48.025; 3
48.075; 0
48.125; 0
48.175; 2
48.225; 0
48.275; 0
48.325; 0
48.375; 0
48.425; 0
48.475; 1
48.525; 0
48.575; 0
48.625; 0
48.675; 0
48.725; 0
48.775; 0
48.825; 0
48.875; 0
48.925; 0
48.975; 0
49.025; 0
49.075; 0
49.125; 0
49.175; 0
49.225; 0
49.275; 0
49.325; 1
49.375; 1
49.425; 1
49.475; 0
49.525; 0
49.575; 0
49.625; 0
49.675; 1
49.725; 0
49.775; 0
49.825; 1
49.875; 0
49.925; 0
