0.0025; 5
0.0075; 3
0.0125; 2
0.0175; 1
0.0225; 2
0.0275; 5
0.0325; 5
0.0375; 2
0.0425; 1
0.0475; 2
0.0525; 4
0.0575; 5
0.0625; 1
0.0675; 1
0.0725; 4
0.0775; 3
0.0825; 2
0.0875; 4
0.0925; 3
0.0975; 5
0.1025; 1
0.1075; 4
0.1125; 1
0.1175; 5
0.1225; 6
0.1275; 1
0.1325; 1
0.1375; 3
0.1425; 4
0.1475; 1
0.1525; 4
0.1575; 1
0.1625; 4
0.1675; 5
0.1725; 4
0.1775; 3
0.1825; 6
0.1875; 2
0.1925; 4
0.1975; 3
0.2025; 4
0.2075; 7
0.2125; 2
0.2175; 2
0.2225; 2
0.2275; 4
0.2325; 3
0.2375; 3
0.2425; 4
0.2475; 4
0.2525; 4
0.2575; 3
0.2625; 4
0.2675; 4
0.2725; 5
0.2775; 4
0.2825; 4
0.2875; 5
0.2925; 2
0.2975; 1
0.3025; 2
0.3075; 4
0.3125; 3
0.3175; 3
0.3225; 2
0.3275; 4
0.3325; 2
0.3375; 2
0.3425; 1
0.3475; 1
0.3525; 1
0.3575; 1
0.3625; 0
0.3675; 0
0.3725; 4
0.3775; 5
0.3825; 2
0.3875; 1
0.3925; 2
0.3975; 4
0.4025; 3
0.4075; 2
0.4125; 0
0.4175; 4
0.4225; 4
0.4275; 0
0.4325; 1
0.4375; 3
0.4425; 4
0.4475; 1
0.4525; 1
0.4575; 3
0.4625; 2
0.4675; 2
0.4725; 2
0.4775; 0
0.4825; 3
0.4875; 5
0.4925; 6
0.4975; 5
0.5025; 5
0.5075; 1
0.5125; 0
0.5175; 6
0.5225; 3
0.5275; 1
0.5325; 4
0.5375; 4
0.5425; 3
0.5475; 2
0.5525; 2
0.5575; 6
0.5625; 1
0.5675; 2
0.5725; 7
0.5775; 2
0.5825; 3
0.5875; 4
0.5925; 5
0.5975; 1
0.6025; 0
0.6075; 2
0.6125; 3
0.6175; 5
0.6225; 3
0.6275; 4
0.6325; 2
0.6375; 2
0.6425; 0
0.6475; 4
0.6525; 7
0.6575; 4
0.6625; 5
0.6675; 10
0.6725; 12
0.6775; 15
0.6825; 29
0.6875; 48
0.6925; 53
0.6975; 75
0.7025; 101
0.7075; 151
0.7125; 218
0.7175; 280
0.7225; 352
0.7275; 411
0.7325; 486
0.7375; 612
0.7425; 681
0.7475; 812
0.7525; 899
0.7575; 951
0.7625; 1065
0.7675; 1149
0.7725; 1178
0.7775; 1234
0.7825; 1353
0.7875; 1382
0.7925; 1382
0.7975; 1472
0.8025; 1450
0.8075; 1513
0.8125; 1452
0.8175; 1509
0.8225; 1428
0.8275; 1403
0.8325; 1428
0.8375; 1358
0.8425; 1355
0.8475; 1343
0.8525; 1280
0.8575; 1346
0.8625; 1165
0.8675; 1211
0.8725; 1159
0.8775; 1089
0.8825; 1084
0.8875; 1072
0.8925; 1112
0.8975; 992
0.9025; 959
0.9075; 917
0.9125; 920
0.9175; 897
0.9225; 843
0.9275; 833
0.9325; 822
0.9375; 769
0.9425; 728
0.9475; 757
0.9525; 712
0.9575; 650
0.9625; 672
0.9675; 628
0.9725; 639
0.9775; 589
0.9825; 611
0.9875; 545
0.9925; 514
0.9975; 537
1.0025; 534
1.0075; 479
1.0125; 438
1.0175; 474
1.0225; 476
1.0275; 452
1.0325; 428
1.0375; 383
1.0425; 396
1.0475; 385
1.0525; 376
1.0575; 346
1.0625; 338
1.0675; 340
1.0725; 368
1.0775; 322
1.0825; 297
1.0875; 310
1.0925; 302
1.0975; 310
1.1025; 282
1.1075; 262
1.1125; 276
1.1175; 267
1.1225; 240
1.1275; 263
1.1325; 230
1.1375; 234
1.1425; 224
1.1475; 232
1.1525; 216
1.1575; 213
1.1625; 206
1.1675; 176
1.1725; 186
1.1775; 177
1.1825; 170
1.1875; 172
1.1925; 185
1.1975; 172
1.2025; 164
1.2075; 166
1.2125; 156
1.2175; 146
1.2225; 159
1.2275; 157
1.2325; 141
1.2375; 138
1.2425; 119
1.2475; 142
1.2525; 131
1.2575; 141
1.2625; 126
1.2675; 134
1.2725; 140
1.2775; 113
1.2825; 118
1.2875; 105
1.2925; 120
1.2975; 103
1.3025; 104
1.3075; 106
1.3125; 114
1.3175; 95
1.3225; 105
1.3275; 91
1.3325; 119
1.3375; 101
1.3425; 80
1.3475; 100
1.3525; 92
1.3575; 92
1.3625; 67
1.3675; 78
1.3725; 78
1.3775; 86
1.3825; 80
1.3875; 80
1.3925; 62
1.3975; 74
1.4025; 72
1.4075; 61
1.4125; 83
1.4175; 74
1.4225; 54
1.4275; 74
1.4325; 67
1.4375; 54
1.4425; 68
1.4475; 54
1.4525; 57
1.4575; 56
1.4625; 56
1.4675; 56
1.4725; 58
1.4775; 57
1.4825; 42
1.4875; 64
1.4925; 55
1.4975; 42
1.5025; 51
1.5075; 61
1.5125; 42
1.5175; 48
1.5225; 43
1.5275; 52
1.5325; 48
1.5375; 42
1.5425; 41
1.5475; 32
1.5525; 31
1.5575; 34
1.5625; 39
1.5675; 46
1.5725; 33
1.5775; 40
1.5825; 36
1.5875; 46
1.5925; 46
1.5975; 36
1.6025; 25
1.6075; 30
1.6125; 34
1.6175; 34
1.6225; 47
1.6275; 39
1.6325; 46
1.6375; 35
1.6425; 28
1.6475; 36
1.6525; 24
1.6575; 29
1.6625; 38
1.6675; 30
1.6725; 25
1.6775; 19
1.6825; 34
1.6875; 28
1.6925; 34
1.6975; 18
1.7025; 28
1.7075; 38
1.7125; 33
1.7175; 27
1.7225; 16
1.7275; 25
1.7325; 26
1.7375; 29
1.7425; 16
1.7475; 20
1.7525; 17
1.7575; 24
1.7625; 22
1.7675; 26
1.7725; 17
1.7775; 29
1.7825; 26
1.7875; 22
1.7925; 25
1.7975; 24
1.8025; 16
1.8075; 18
1.8125; 18
1.8175; 15
1.8225; 26
1.8275; 13
1.8325; 25
1.8375; 14
1.8425; 17
1.8475; 16
1.8525; 17
1.8575; 11
1.8625; 22
1.8675; 21
1.8725; 18
1.8775; 11
1.8825; 16
1.8875; 12
1.8925; 17
1.8975; 23
1.9025; 23
1.9075; 17
1.9125; 14
1.9175; 17
1.9225; 15
1.9275; 13
1.9325; 15
1.9375; 12
1.9425; 14
1.9475; 10
1.9525; 4
1.9575; 11
1.9625; 12
1.9675; 9
1.9725; 10
1.9775; 8
1.9825; 9
1.9875; 13
1.9925; 13
1.9975; 8
2.0025; 9
2.0075; 15
2.0125; 11
2.0175; 8
2.0225; 9
2.0275; 12
2.0325; 12
2.0375; 12
2.0425; 6
2.0475; 9
2.0525; 11
2.0575; 4
2.0625; 8
2.0675; 6
2.0725; 8
2.0775; 12
2.0825; 6
2.0875; 9
2.0925; 7
2.0975; 5
2.1025; 5
2.1075; 5
2.1125; 11
2.1175; 8
2.1225; 5
2.1275; 7
2.1325; 10
2.1375; 8
2.1425; 13
2.1475; 10
2.1525; 12
2.1575; 7
2.1625; 6
2.1675; 3
2.1725; 4
2.1775; 10
2.1825; 7
2.1875; 2
2.1925; 5
2.1975; 8
2.2025; 7
2.2075; 8
2.2125; 13
2.2175; 4
2.2225; 5
2.2275; 7
2.2325; 7
2.2375; 6
2.2425; 6
2.2475; 6
2.2525; 8
2.2575; 6
2.2625; 6
2.2675; 7
2.2725; 8
2.2775; 5
2.2825; 7
2.2875; 6
2.2925; 3
2.2975; 6
2.3025; 3
2.3075; 6
2.3125; 5
2.3175; 4
2.3225; 7
2.3275; 8
2.3325; 10
2.3375; 4
2.3425; 3
2.3475; 4
2.3525; 5
2.3575; 3
2.3625; 6
2.3675; 4
2.3725; 6
2.3775; 4
2.3825; 5
2.3875; 5
2.3925; 3
2.3975; 3
2.4025; 7
2.4075; 13
2.4125; 3
2.4175; 0
2.4225; 3
2.4275; 3
2.4325; 3
2.4375; 2
2.4425; 5
2.4475; 6
2.4525; 7
2.4575; 5
2.4625; 5
2.4675; 5
2.4725; 5
2.4775; 5
2.4825; 10
2.4875; 2
2.4925; 4
2.4975; 9
2.5025; 4
2.5075; 6
2.5125; 8
2.5175; 4
2.5225; 6
2.5275; 7
2.5325; 3
2.5375; 2
2.5425; 2
2.5475; 7
2.5525; 1
2.5575; 6
2.5625; 8
2.5675; 3
2.5725; 6
2.5775; 6
2.5825; 5
2.5875; 2
2.5925; 0
2.5975; 2
2.6025; 4
2.6075; 2
2.6125; 6
2.6175; 2
2.6225; 3
2.6275; 4
2.6325; 5
2.6375; 4
2.6425; 0
2.6475; 7
2.6525; 5
2.6575; 5
2.6625; 4
2.6675; 5
2.6725; 3
2.6775; 9
2.6825; 4
2.6875; 2
2.6925; 2
2.6975; 6
2.7025; 4
2.7075; 0
2.7125; 2
2.7175; 1
2.7225; 4
2.7275; 3
2.7325; 6
2.7375; 2
2.7425; 4
2.7475; 5
2.7525; 2
2.7575; 3
2.7625; 4
2.7675; 3
2.7725; 2
2.7775; 3
2.7825; 3
2.7875; 3
2.7925; 4
2.7975; 5
2.8025; 1
2.8075; 1
2.8125; 0
2.8175; 0
2.8225; 1
2.8275; 6
2.8325; 1
2.8375; 3
2.8425; 1
2.8475; 3
2.8525; 3
2.8575; 4
2.8625; 5
2.8675; 5
2.8725; 5
2.8775; 0
2.8825; 1
2.8875; 3
2.8925; 0
2.8975; 3
2.9025; 4
2.9075; 4
2.9125; 3
2.9175; 5
2.9225; 2
2.9275; 4
2.9325; 2
2.9375; 5
2.9425; 1
2.9475; 5
2.9525; 2
2.9575; 5
2.9625; 4
2.9675; 4
2.9725; 3
2.9775; 3
2.9825; 5
2.9875; 3
2.9925; 2
2.9975; 1
3.0025; 4
3.0075; 7
3.0125; 2
3.0175; 3
3.0225; 2
3.0275; 3
3.0325; 1
3.0375; 7
3.0425; 2
3.0475; 2
3.0525; 4
3.0575; 1
3.0625; 3
3.0675; 2
3.0725; 3
3.0775; 2
3.0825; 2
3.0875; 2
3.0925; 3
3.0975; 2
3.1025; 2
3.1075; 2
3.1125; 2
3.1175; 5
3.1225; 5
3.1275; 3
3.1325; 1
3.1375; 3
3.1425; 5
3.1475; 3
3.1525; 2
3.1575; 1
3.1625; 3
3.1675; 4
3.1725; 2
3.1775; 0
3.1825; 4
3.1875; 0
3.1925; 5
3.1975; 3
3.2025; 2
3.2075; 2
3.2125; 1
3.2175; 5
3.2225; 2
3.2275; 2
3.2325; 3
3.2375; 3
3.2425; 5
3.2475; 5
3.2525; 3
3.2575; 3
3.2625; 1
3.2675; 3
3.2725; 3
3.2775; 6
3.2825; 4
3.2875; 2
3.2925; 1
3.2975; 5
3.3025; 4
3.3075; 5
3.3125; 3
3.3175; 6
3.3225; 0
3.3275; 2
3.3325; 2
3.3375; 1
3.3425; 4
3.3475; 2
3.3525; 3
3.3575; 4
3.3625; 6
3.3675; 1
3.3725; 2
3.3775; 2
3.3825; 4
3.3875; 1
3.3925; 3
3.3975; 0
3.4025; 2
3.4075; 1
3.4125; 2
3.4175; 4
3.4225; 2
3.4275; 2
3.4325; 1
3.4375; 3
3.4425; 0
3.4475; 1
3.4525; 2
3.4575; 3
3.4625; 3
3.4675; 3
3.4725; 2
3.4775; 3
3.4825; 4
3.4875; 5
3.4925; 2
3.4975; 4
3.5025; 2
3.5075; 3
3.5125; 2
3.5175; 3
3.5225; 1
3.5275; 3
3.5325; 2
3.5375; 2
3.5425; 0
3.5475; 2
3.5525; 1
3.5575; 2
3.5625; 1
3.5675; 3
3.5725; 0
3.5775; 2
3.5825; 4
3.5875; 3
3.5925; 2
3.5975; 2
3.6025; 3
3.6075; 0
3.6125; 4
3.6175; 3
3.6225; 2
3.6275; 2
3.6325; 2
3.6375; 5
3.6425; 3
3.6475; 1
3.6525; 4
3.6575; 2
3.6625; 3
3.6675; 5
3.6725; 1
3.6775; 2
3.6825; 1
3.6875; 2
3.6925; 4
3.6975; 1
3.7025; 1
3.7075; 3
3.7125; 3
3.7175; 3
3.7225; 0
3.7275; 1
3.7325; 2
3.7375; 5
3.7425; 1
3.7475; 1
3.7525; 1
3.7575; 2
3.7625; 0
3.7675; 1
3.7725; 4
3.7775; 4
3.7825; 3
3.7875; 5
3.7925; 4
3.7975; 0
3.8025; 1
3.8075; 4
3.8125; 3
3.8175; 2
3.8225; 4
3.8275; 1
3.8325; 3
3.8375; 2
3.8425; 0
3.8475; 0
3.8525; 2
3.8575; 0
3.8625; 2
3.8675; 0
3.8725; 3
3.8775; 3
3.8825; 4
3.8875; 2
3.8925; 1
3.8975; 3
3.9025; 0
3.9075; 3
3.9125; 2
3.9175; 3
3.9225; 2
3.9275; 4
3.9325; 1
3.9375; 2
3.9425; 2
3.9475; 1
3.9525; 7
3.9575; 4
3.9625; 3
3.9675; 3
3.9725; 0
3.9775; 3
3.9825; 1
3.9875; 1
3.9925; 0
3.9975; 4
4.0025; 1
4.0075; 3
4.0125; 2
4.0175; 2
4.0225; 3
4.0275; 1
4.0325; 2
4.0375; 2
4.0425; 1
4.0475; 1
4.0525; 1
4.0575; 5
4.0625; 3
4.0675; 3
4.0725; 3
4.0775; 0
4.0825; 2
4.0875; 0
4.0925; 3
4.0975; 2
4.1025; 1
4.1075; 4
4.1125; 1
4.1175; 0
4.1225; 0
4.1275; 2
4.1325; 0
4.1375; 1
4.1425; 0
4.1475; 3
4.1525; 3
4.1575; 2
4.1625; 4
4.1675; 1
4.1725; 3
4.1775; 6
4.1825; 1
4.1875; 3
4.1925; 0
4.1975; 2
4.2025; 3
4.2075; 1
4.2125; 2
4.2175; 2
4.2225; 2
4.2275; 2
4.2325; 2
4.2375; 4
4.2425; 3
4.2475; 1
4.2525; 0
4.2575; 7
4.2625; 0
4.2675; 2
4.2725; 1
4.2775; 2
4.2825; 4
4.2875; 0
4.2925; 4
4.2975; 0
4.3025; 1
4.3075; 2
4.3125; 5
4.3175; 3
4.3225; 1
4.3275; 3
4.3325; 4
4.3375; 3
4.3425; 2
4.3475; 5
4.3525; 0
4.3575; 1
4.3625; 1
4.3675; 1
4.3725; 1
4.3775; 1
4.3825; 3
4.3875; 3
4.3925; 1
4.3975; 1
4.4025; 0
4.4075; 4
4.4125; 0
4.4175; 2
4.4225; 1
4.4275; 1
4.4325; 4
4.4375; 3
4.4425; 1
4.4475; 1
4.4525; 3
4.4575; 0
4.4625; 1
4.4675; 0
4.4725; 2
4.4775; 2
4.4825; 5
4.4875; 1
4.4925; 2
4.4975; 3
4.5025; 5
4.5075; 0
4.5125; 2
4.5175; 1
4.5225; 5
4.5275; 2
4.5325; 1
4.5375; 0
4.5425; 4
4.5475; 3
4.5525; 5
4.5575; 1
4.5625; 3
4.5675; 1
4.5725; 2
4.5775; 0
4.5825; 1
4.5875; 3
4.5925; 1
4.5975; 4
4.6025; 1
4.6075; 0
4.6125; 2
4.6175; 1
4.6225; 4
4.6275; 2
4.6325; 0
4.6375; 3
4.6425; 2
4.6475; 3
4.6525; 1
4.6575; 2
4.6625; 1
4.6675; 1
4.6725; 2
4.6775; 2
4.6825; 1
4.6875; 3
4.6925; 3
4.6975; 2
4.7025; 2
4.7075; 0
4.7125; 4
4.7175; 2
4.7225; 1
4.7275; 2
4.7325; 1
4.7375; 2
4.7425; 1
4.7475; 5
4.7525; 1
4.7575; 0
4.7625; 2
4.7675; 1
4.7725; 1
4.7775; 2
4.7825; 3
4.7875; 7
4.7925; 4
4.7975; 1
4.8025; 2
4.8075; 2
4.8125; 3
4.8175; 1
4.8225; 2
4.8275; 3
4.8325; 4
4.8375; 1
4.8425; 2
4.8475; 0
4.8525; 1
4.8575; 2
4.8625; 2
4.8675; 2
4.8725; 0
4.8775; 1
4.8825; 1
4.8875; 2
4.8925; 3
4.8975; 3
4.9025; 1
4.9075; 1
4.9125; 1
4.9175; 2
4.9225; 2
4.9275; 2
4.9325; 0
4.9375; 2
4.9425; 2
4.9475; 2
4.9525; 1
4.9575; 0
4.9625; 1
4.9675; 0
4.9725; 2
4.9775; 1
4.9825; 1
4.9875; 1
4.9925; 0
