0.025; 69
0.075; 55
0.125; 59
0.175; 74
0.225; 56
0.275; 69
0.325; 62
0.375; 53
0.425; 4069
0.475; 19597
0.525; 18029
0.575; 10975
0.625; 6635
0.675; 4190
0.725; 2895
0.775; 2165
0.825; 1563
0.875; 1305
0.925; 996
0.975; 915
1.025; 761
1.075; 656
1.125; 611
1.175; 563
1.225; 497
1.275; 419
1.325; 373
1.375; 332
1.425; 333
1.475; 314
1.525; 313
1.575; 289
1.625; 260
1.675; 269
1.725; 244
1.775; 227
1.825; 188
1.875; 235
1.925; 216
1.975; 181
2.025; 185
2.075; 164
2.125; 176
2.175; 176
2.225; 144
2.275; 125
2.325; 121
2.375; 122
2.425; 115
2.475; 129
2.525; 127
2.575; 118
2.625; 129
2.675; 133
2.725; 118
2.775; 99
2.825; 109
2.875; 76
2.925; 85
2.975; 97
3.025; 91
3.075; 88
3.125; 87
3.175; 73
3.225; 79
3.275; 71
3.325; 83
3.375; 85
3.425; 66
3.475; 80
3.525; 61
3.575; 54
3.625; 56
3.675; 78
3.725; 71
3.775; 62
3.825; 54
3.875; 56
3.925; 55
3.975; 50
4.025; 57
4.075; 53
4.125; 56
4.175; 41
4.225; 57
4.275; 52
4.325; 59
4.375; 60
4.425; 40
4.475; 48
4.525; 47
4.575; 47
4.625; 50
4.675; 46
4.725; 50
4.775; 36
4.825; 45
4.875; 45
4.925; 44
4.975; 33
5.025; 41
5.075; 47
5.125; 33
5.175; 45
5.225; 33
5.275; 41
5.325; 37
5.375; 40
5.425; 34
5.475; 41
5.525; 45
5.575; 35
5.625; 31
5.675; 18
5.725; 26
5.775; 17
5.825; 21
5.875; 27
5.925; 34
5.975; 25
6.025; 28
6.075; 24
6.125; 40
6.175; 29
6.225; 28
6.275; 25
6.325; 27
6.375; 14
6.425; 24
6.475; 35
6.525; 32
6.575; 30
6.625; 16
6.675; 19
6.725; 22
6.775; 29
6.825; 20
6.875; 20
6.925; 17
6.975; 22
7.025; 20
7.075; 20
7.125; 17
7.175; 15
7.225; 16
7.275; 23
7.325; 20
7.375; 23
7.425; 19
7.475; 18
7.525; 15
7.575; 20
7.625; 15
7.675; 14
7.725; 17
7.775; 12
7.825; 10
7.875; 11
7.925; 17
7.975; 23
8.025; 18
8.075; 15
8.125; 27
8.175; 19
8.225; 19
8.275; 17
8.325; 10
8.375; 19
8.425; 14
8.475; 19
8.525; 19
8.575; 16
8.625; 13
8.675; 12
8.725; 15
8.775; 8
8.825; 15
8.875; 18
8.925; 9
8.975; 11
9.025; 15
9.075; 13
9.125; 11
9.175; 17
9.225; 10
9.275; 9
9.325; 9
9.375; 11
9.425; 14
9.475; 3
9.525; 10
9.575; 10
9.625; 11
9.675; 12
9.725; 17
9.775; 10
9.825; 15
9.875; 10
9.925; 15
9.975; 13
10.025; 10
10.075; 9
10.125; 14
10.175; 3
10.225; 8
10.275; 9
10.325; 14
10.375; 10
10.425; 6
10.475; 10
10.525; 11
10.575; 8
10.625; 13
10.675; 10
10.725; 5
10.775; 8
10.825; 6
10.875; 13
10.925; 7
10.975; 12
11.025; 11
11.075; 7
11.125; 9
11.175; 9
11.225; 10
11.275; 9
11.325; 6
11.375; 8
11.425; 7
11.475; 8
11.525; 11
11.575; 10
11.625; 8
11.675; 12
11.725; 9
11.775; 8
11.825; 13
11.875; 12
11.925; 4
11.975; 6
12.025; 10
12.075; 16
12.125; 3
12.175; 5
12.225; 6
12.275; 5
12.325; 11
12.375; 13
12.425; 12
12.475; 8
12.525; 5
12.575; 9
12.625; 9
12.675; 7
12.725; 9
12.775; 7
12.825; 5
12.875; 7
12.925; 8
12.975; 0
13.025; 10
13.075; 12
13.125; 6
13.175; 12
13.225; 4
13.275; 4
13.325; 3
13.375; 1
13.425; 7
13.475; 4
13.525; 6
13.575; 5
13.625; 7
13.675; 6
13.725; 3
13.775; 7
13.825; 5
13.875; 6
13.925; 4
13.975; 5
14.025; 1
14.075; 5
14.125; 4
14.175; 11
14.225; 5
14.275; 8
14.325; 7
14.375; 1
14.425; 4
14.475; 3
14.525; 7
14.575; 7
14.625; 6
14.675; 4
14.725; 4
14.775; 6
14.825; 3
14.875; 6
14.925; 4
14.975; 6
15.025; 6
15.075; 6
15.125; 5
15.175; 4
15.225; 3
15.275; 2
15.325; 2
15.375; 1
15.425; 4
15.475; 4
15.525; 6
15.575; 7
15.625; 3
15.675; 5
15.725; 4
15.775; 10
15.825; 4
15.875; 6
15.925; 8
15.975; 3
16.025; 2
16.075; 4
16.125; 10
16.175; 8
16.225; 5
16.275; 1
16.325; 2
16.375; 3
16.425; 3
16.475; 1
16.525; 7
16.575; 3
16.625; 6
16.675; 3
16.725; 6
16.775; 5
16.825; 4
16.875; 4
16.925; 3
16.975; 3
17.025; 2
17.075; 4
17.125; 6
17.175; 7
17.225; 5
17.275; 3
17.325; 4
17.375; 6
17.425; 4
17.475; 2
17.525; 4
17.575; 3
17.625; 6
17.675; 4
17.725; 3
17.775; 5
17.825; 4
17.875; 2
17.925; 1
17.975; 4
18.025; 0
18.075; 3
18.125; 7
18.175; 7
18.225; 7
18.275; 1
18.325; 3
18.375; 9
18.425; 3
18.475; 5
18.525; 3
18.575; 1
18.625; 4
18.675; 5
18.725; 3
18.775; 7
18.825; 6
18.875; 6
18.925; 6
18.975; 6
19.025; 2
19.075; 3
19.125; 5
19.175; 1
19.225; 6
19.275; 4
19.325; 7
19.375; 4
19.425; 2
19.475; 1
19.525; 5
19.575; 6
19.625; 2
19.675; 7
19.725; 4
19.775; 2
19.825; 1
19.875; 2
19.925; 2
19.975; 0
20.025; 5
20.075; 5
20.125; 4
20.175; 5
20.225; 2
20.275; 1
20.325; 2
20.375; 5
20.425; 4
20.475; 2
20.525; 2
20.575; 2
20.625; 6
20.675; 2
20.725; 2
20.775; 2
20.825; 2
20.875; 6
20.925; 2
20.975; 4
21.025; 4
21.075; 2
21.125; 6
21.175; 1
21.225; 4
21.275; 1
21.325; 2
21.375; 1
21.425; 4
21.475; 2
21.525; 1
21.575; 5
21.625; 0
21.675; 2
21.725; 5
21.775; 2
21.825; 5
21.875; 4
21.925; 4
21.975; 3
22.025; 5
22.075; 5
22.125; 5
22.175; 1
22.225; 3
22.275; 3
22.325; 3
22.375; 3
22.425; 2
22.475; 0
22.525; 2
22.575; 0
22.625; 1
22.675; 1
22.725; 1
22.775; 1
22.825; 4
22.875; 2
22.925; 1
22.975; 3
23.025; 2
23.075; 1
23.125; 4
23.175; 3
23.225; 1
23.275; 1
23.325; 2
23.375; 1
23.425; 1
23.475; 0
23.525; 5
23.575; 1
23.625; 3
23.675; 1
23.725; 2
23.775; 3
23.825; 1
23.875; 5
23.925; 3
23.975; 3
24.025; 2
24.075; 0
24.125; 1
24.175; 1
24.225; 0
24.275; 3
24.325; 4
24.375; 2
24.425; 0
24.475; 2
24.525; 0
24.575; 1
24.625; 2
24.675; 1
24.725; 2
24.775; 2
24.825; 4
24.875; 2
24.925; 1
24.975; 5
25.025; 2
25.075; 1
25.125; 1
25.175; 1
25.225; 0
25.275; 2
25.325; 1
25.375; 1
25.425; 5
25.475; 0
25.525; 2
25.575; 0
25.625; 1
25.675; 0
25.725; 3
25.775; 3
25.825; 1
25.875; 1
25.925; 1
25.975; 4
26.025; 4
26.075; 4
26.125; 2
26.175; 0
26.225; 3
26.275; 0
26.325; 1
26.375; 3
26.425; 1
26.475; 2
26.525; 3
26.575; 0
26.625; 0
26.675; 3
26.725; 2
26.775; 4
26.825; 0
26.875; 0
26.925; 3
26.975; 2
27.025; 1
27.075; 1
27.125; 1
27.175; 1
27.225; 1
27.275; 1
27.325; 2
27.375; 2
27.425; 2
27.475; 0
27.525; 2
27.575; 2
27.625; 1
27.675; 1
27.725; 0
27.775; 0
27.825; 1
27.875; 1
27.925; 1
27.975; 4
28.025; 4
28.075; 2
28.125; 0
28.175; 3
28.225; 2
28.275; 1
28.325; 2
28.375; 3
28.425; 1
28.475; 1
28.525; 0
28.575; 1
28.625; 0
28.675; 1
28.725; 3
28.775; 0
28.825; 2
28.875; 1
28.925; 1
28.975; 0
29.025; 1
29.075; 0
29.125; 1
29.175; 1
29.225; 2
29.275; 1
29.325; 2
29.375; 0
29.425; 3
29.475; 1
29.525; 1
29.575; 2
29.625; 3
29.675; 2
29.725; 1
29.775; 0
29.825; 1
29.875; 0
29.925; 2
29.975; 4
30.025; 0
30.075; 0
30.125; 1
30.175; 0
30.225; 3
30.275; 2
30.325; 3
30.375; 0
30.425; 1
30.475; 1
30.525; 1
30.575; 1
30.625; 1
30.675; 1
30.725; 1
30.775; 3
30.825; 1
30.875; 2
30.925; 1
30.975; 1
31.025; 1
31.075; 1
31.125; 1
31.175; 3
31.225; 1
31.275; 2
31.325; 3
31.375; 1
31.425; 1
31.475; 2
31.525; 0
31.575; 1
31.625; 0
31.675; 4
31.725; 1
31.775; 0
31.825; 0
31.875; 1
31.925; 1
31.975; 1
32.025; 0
32.075; 0
32.125; 1
32.175; 0
32.225; 4
32.275; 0
32.325; 3
32.375; 2
32.425; 0
32.475; 1
32.525; 1
32.575; 0
32.625; 2
32.675; 1
32.725; 1
32.775; 0
32.825; 1
32.875; 0
32.925; 0
32.975; 0
33.025; 2
33.075; 2
33.125; 0
33.175; 1
33.225; 3
33.275; 1
33.325; 1
33.375; 1
33.425; 0
33.475; 1
33.525; 2
33.575; 2
33.625; 1
33.675; 0
33.725; 0
33.775; 0
33.825; 0
33.875; 2
33.925; 0
33.975; 1
34.025; 2
34.075; 3
34.125; 0
34.175; 0
34.225; 0
34.275; 2
34.325; 2
34.375; 1
34.425; 1
34.475; 2
34.525; 0
34.575; 3
34.625; 0
34.675; 0
34.725; 1
34.775; 2
34.825; 0
34.875; 1
34.925; 2
34.975; 2
35.025; 4
35.075; 1
35.125; 1
35.175; 0
35.225; 1
35.275; 3
35.325; 2
35.375; 0
35.425; 0
35.475; 1
35.525; 1
35.575; 0
35.625; 0
35.675; 0
35.725; 1
35.775; 0
35.825; 0
35.875; 4
35.925; 1
35.975; 1
36.025; 2
36.075; 1
36.125; 0
36.175; 0
36.225; 4
36.275; 1
36.325; 1
36.375; 1
36.425; 0
36.475; 0
36.525; 0
36.575; 1
36.625; 1
36.675; 1
36.725; 0
36.775; 0
36.825; 1
36.875; 0
36.925; 1
36.975; 0
37.025; 0
37.075; 1
37.125; 0
37.175; 1
37.225; 1
37.275; 0
37.325; 0
37.375; 1
37.425; 1
37.475; 0
37.525; 1
37.575; 0
37.625; 0
37.675; 0
37.725; 0
37.775; 2
37.825; 1
37.875; 0
37.925; 1
37.975; 0
38.025; 0
38.075; 1
38.125; 0
38.175; 1
38.225; 1
38.275; 2
38.325; 2
38.375; 0
38.425; 1
38.475; 0
38.525; 0
38.575; 1
38.625; 0
38.675; 0
38.725; 0
38.775; 1
38.825; 1
38.875; 0
38.925; 1
38.975; 1
39.025; 0
39.075; 0
39.125; 1
39.175; 0
39.225; 0
39.275; 0
39.325; 0
39.375; 0
39.425; 0
39.475; 0
39.525; 1
39.575; 0
39.625; 0
39.675; 1
39.725; 0
39.775; 0
39.825; 2
39.875; 2
39.925; 0
39.975; 0
40.025; 0
40.075; 1
40.125; 3
40.175; 1
40.225; 0
40.275; 1
40.325; 0
40.375; 0
40.425; 0
40.475; 1
40.525; 0
40.575; 0
40.625; 0
40.675; 0
40.725; 0
40.775; 2
40.825; 0
40.875; 0
40.925; 0
40.975; 1
41.025; 1
41.075; 0
41.125; 0
41.175; 0
41.225; 0
41.275; 0
41.325; 1
41.375; 1
41.425; 0
41.475; 0
41.525; 2
41.575; 0
41.625; 0
41.675; 0
41.725; 0
41.775; 0
41.825; 0
41.875; 1
41.925; 0
41.975; 2
42.025; 2
42.075; 0
42.125; 0
42.175; 0
42.225; 0
42.275; 0
42.325; 0
42.375; 0
42.425; 1
42.475; 0
42.525; 0
42.575; 0
42.625; 1
42.675; 0
42.725; 0
42.775; 1
42.825; 0
42.875; 0
42.925; 0
42.975; 1
43.025; 1
43.075; 0
43.125; 0
43.175; 0
43.225; 1
43.275; 1
43.325; 1
43.375; 0
43.425; 1
43.475; 1
43.525; 0
43.575; 1
43.625; 2
43.675; 0
43.725; 0
43.775; 0
43.825; 0
43.875; 0
43.925; 0
43.975; 0
44.025; 2
44.075; 0
44.125; 1
44.175; 0
44.225; 0
44.275; 0
44.325; 1
44.375; 1
44.425; 0
44.475; 0
44.525; 0
44.575; 1
44.625; 0
44.675; 0
44.725; 0
44.775; 1
44.825; 2
44.875; 1
44.925; 1
44.975; 0
45.025; 0
45.075; 0
45.125; 2
45.175; 0
45.225; 0
45.275; 0
45.325; 0
45.375; 1
45.425; 0
45.475; 1
45.525; 1
45.575; 1
45.625; 1
45.675; 1
45.725; 0
45.775; 2
45.825; 1
45.875; 0
45.925; 1
45.975; 2
46.025; 0
46.075; 0
46.125; 0
46.175; 1
46.225; 0
46.275; 0
46.325; 1
46.375; 1
46.425; 0
46.475; 4
46.525; 0
46.575; 1
46.625; 0
46.675; 0
46.725; 0
46.775; 1
46.825; 0
46.875; 0
46.925; 1
46.975; 0
47.025; 0
47.075; 0
47.125; 1
47.175; 1
47.225; 1
47.275; 0
47.325; 0
47.375; 0
47.425; 0
47.475; 0
47.525; 1
47.575; 1
47.625; 1
47.675; 0
47.725; 1
47.775; 1
47.825; 1
47.875; 0
47.925; 0
47.975; 0
48.025; 1
48.075; 1
48.125; 0
48.175; 1
48.225; 0
48.275; 0
48.325; 1
48.375; 0
48.425; 0
48.475; 0
48.525; 0
48.575; 0
48.625; 0
48.675; 0
48.725; 0
48.775; 0
48.825; 0
48.875; 1
48.925; 0
48.975; 0
49.025; 2
49.075; 0
49.125; 0
49.175; 1
49.225; 0
49.275; 0
49.325; 3
49.375; 0
49.425; 0
49.475; 0
49.525; 0
49.575; 1
49.625; 0
49.675; 0
49.725; 1
49.775; 0
49.825; 0
49.875; 1
49.925; 1
