0.05; 94
0.15; 90
0.25; 61
0.35; 42
0.45; 31
0.55; 18
0.65; 14
0.75; 10
0.85; 6
0.95; 7
1.05; 12
1.15; 34
1.25; 52
1.35; 59
1.45; 85
1.55; 87
1.65; 86
1.75; 136
1.85; 143
1.95; 161
2.05; 181
2.15; 205
2.25; 181
2.35; 175
2.45; 179
2.55; 153
2.65; 135
2.75; 128
2.85; 99
2.95; 90
3.05; 100
3.15; 81
3.25; 81
3.35; 81
3.45; 74
3.55; 73
3.65; 61
3.75; 56
3.85; 55
3.95; 73
4.05; 53
4.15; 59
4.25; 62
4.35; 59
4.45; 46
4.55; 69
4.65; 59
4.75; 66
4.85; 57
4.95; 38
5.05; 50
5.15; 42
5.25; 41
5.35; 40
5.45; 36
5.55; 48
5.65; 35
5.75; 33
5.85; 31
5.95; 26
6.05; 26
6.15; 32
6.25; 27
6.35; 29
6.45; 31
6.55; 35
6.65; 31
6.75; 22
6.85; 24
6.95; 20
7.05; 18
7.15; 25
7.25; 15
7.35; 21
7.45; 16
7.55; 19
7.65; 24
7.75; 21
7.85; 14
7.95; 25
8.05; 18
8.15; 27
8.25; 35
8.35; 68
8.45; 134
8.55; 268
8.65; 483
8.75; 983
8.85; 1664
8.95; 2828
9.05; 4174
9.15; 5875
9.25; 7557
9.35; 8902
9.45; 9444
9.55; 9739
9.65; 9065
9.75; 7771
9.85; 6167
9.95; 4810
10.05; 3194
10.15; 2054
10.25; 1293
10.35; 757
10.45; 406
10.55; 221
10.65; 122
10.75; 72
10.85; 52
10.95; 43
11.05; 38
11.15; 39
11.25; 32
11.35; 33
11.45; 23
11.55; 16
11.65; 20
11.75; 19
11.85; 22
11.95; 17
12.05; 14
12.15; 17
12.25; 15
12.35; 7
12.45; 9
12.55; 8
12.65; 12
12.75; 16
12.85; 11
12.95; 12
13.05; 14
13.15; 12
13.25; 9
13.35; 10
13.45; 2
13.55; 11
13.65; 10
13.75; 8
13.85; 9
13.95; 10
14.05; 9
14.15; 8
14.25; 15
14.35; 14
14.45; 12
14.55; 12
14.65; 8
14.75; 7
14.85; 10
14.95; 19
15.05; 7
15.15; 5
15.25; 13
15.35; 8
15.45; 10
15.55; 4
15.65; 13
15.75; 13
15.85; 12
15.95; 10
16.05; 9
16.15; 9
16.25; 9
16.35; 11
16.45; 12
16.55; 4
16.65; 13
16.75; 13
16.85; 7
16.95; 10
17.05; 9
17.15; 13
17.25; 9
17.35; 7
17.45; 7
17.55; 8
17.65; 6
17.75; 9
17.85; 10
17.95; 8
18.05; 11
18.15; 5
18.25; 8
18.35; 7
18.45; 9
18.55; 9
18.65; 7
18.75; 6
18.85; 9
18.95; 9
19.05; 5
19.15; 5
19.25; 4
19.35; 3
19.45; 8
19.55; 8
19.65; 9
19.75; 8
19.85; 8
19.95; 6
20.05; 7
20.15; 10
20.25; 7
20.35; 6
20.45; 8
20.55; 4
20.65; 1
20.75; 11
20.85; 6
20.95; 3
21.05; 3
21.15; 7
21.25; 7
21.35; 6
21.45; 6
21.55; 4
21.65; 9
21.75; 7
21.85; 3
21.95; 3
22.05; 3
22.15; 5
22.25; 6
22.35; 9
22.45; 5
22.55; 4
22.65; 3
22.75; 5
22.85; 6
22.95; 7
23.05; 10
23.15; 4
23.25; 8
23.35; 6
23.45; 6
23.55; 7
23.65; 6
23.75; 4
23.85; 2
23.95; 6
24.05; 3
24.15; 1
24.25; 2
24.35; 4
24.45; 4
24.55; 4
24.65; 1
24.75; 7
24.85; 8
24.95; 6
25.05; 8
25.15; 6
25.25; 8
25.35; 5
25.45; 3
25.55; 5
25.65; 5
25.75; 4
25.85; 0
25.95; 3
26.05; 4
26.15; 2
26.25; 2
26.35; 4
26.45; 1
26.55; 4
26.65; 3
26.75; 7
26.85; 2
26.95; 3
27.05; 5
27.15; 0
27.25; 4
27.35; 3
27.45; 5
27.55; 4
27.65; 1
27.75; 2
27.85; 6
27.95; 2
28.05; 2
28.15; 3
28.25; 0
28.35; 2
28.45; 5
28.55; 2
28.65; 6
28.75; 4
28.85; 4
28.95; 3
29.05; 3
29.15; 5
29.25; 2
29.35; 2
29.45; 1
29.55; 2
29.65; 7
29.75; 4
29.85; 4
29.95; 1
30.05; 2
30.15; 1
30.25; 4
30.35; 1
30.45; 4
30.55; 7
30.65; 5
30.75; 3
30.85; 6
30.95; 3
31.05; 3
31.15; 4
31.25; 1
31.35; 2
31.45; 3
31.55; 3
31.65; 0
31.75; 5
31.85; 4
31.95; 4
32.05; 3
32.15; 4
32.25; 2
32.35; 6
32.45; 1
32.55; 1
32.65; 1
32.75; 0
32.85; 1
32.95; 1
33.05; 2
33.15; 4
33.25; 2
33.35; 1
33.45; 5
33.55; 2
33.65; 3
33.75; 0
33.85; 2
33.95; 2
34.05; 1
34.15; 4
34.25; 2
34.35; 4
34.45; 1
34.55; 4
34.65; 0
34.75; 3
34.85; 1
34.95; 2
35.05; 0
35.15; 2
35.25; 2
35.35; 0
35.45; 2
35.55; 1
35.65; 1
35.75; 1
35.85; 2
35.95; 1
36.05; 2
36.15; 1
36.25; 1
36.35; 3
36.45; 2
36.55; 5
36.65; 1
36.75; 2
36.85; 2
36.95; 2
37.05; 2
37.15; 4
37.25; 0
37.35; 0
37.45; 4
37.55; 2
37.65; 1
37.75; 3
37.85; 5
37.95; 1
38.05; 2
38.15; 4
38.25; 1
38.35; 1
38.45; 4
38.55; 2
38.65; 0
38.75; 2
38.85; 0
38.95; 3
39.05; 1
39.15; 1
39.25; 1
39.35; 1
39.45; 0
39.55; 1
39.65; 2
39.75; 0
39.85; 0
39.95; 1
40.05; 1
40.15; 0
40.25; 2
40.35; 2
40.45; 2
40.55; 2
40.65; 0
40.75; 0
40.85; 1
40.95; 0
41.05; 0
41.15; 2
41.25; 0
41.35; 0
41.45; 1
41.55; 0
41.65; 3
41.75; 2
41.85; 2
41.95; 2
42.05; 1
42.15; 0
42.25; 2
42.35; 1
42.45; 1
42.55; 0
42.65; 1
42.75; 3
42.85; 2
42.95; 1
43.05; 1
43.15; 1
43.25; 0
43.35; 1
43.45; 1
43.55; 3
43.65; 0
43.75; 3
43.85; 1
43.95; 1
44.05; 1
44.15; 2
44.25; 2
44.35; 2
44.45; 0
44.55; 5
44.65; 1
44.75; 1
44.85; 1
44.95; 0
45.05; 1
45.15; 1
45.25; 0
45.35; 0
45.45; 0
45.55; 1
45.65; 1
45.75; 1
45.85; 1
45.95; 1
46.05; 1
46.15; 0
46.25; 1
46.35; 1
46.45; 0
46.55; 0
46.65; 2
46.75; 0
46.85; 1
46.95; 0
47.05; 0
47.15; 2
47.25; 0
47.35; 4
47.45; 1
47.55; 1
47.65; 0
47.75; 0
47.85; 0
47.95; 0
48.05; 1
48.15; 0
48.25; 0
48.35; 3
48.45; 0
48.55; 0
48.65; 0
48.75; 0
48.85; 1
48.95; 1
49.05; 1
49.15; 3
49.25; 2
49.35; 0
49.45; 2
49.55; 2
49.65; 1
49.75; 0
49.85; 0
49.95; 0
50.05; 1
50.15; 1
50.25; 0
50.35; 2
50.45; 3
50.55; 1
50.65; 0
50.75; 1
50.85; 5
50.95; 0
51.05; 0
51.15; 0
51.25; 0
51.35; 1
51.45; 1
51.55; 0
51.65; 0
51.75; 1
51.85; 1
51.95; 0
52.05; 0
52.15; 1
52.25; 1
52.35; 1
52.45; 0
52.55; 1
52.65; 0
52.75; 0
52.85; 0
52.95; 1
53.05; 0
53.15; 2
53.25; 0
53.35; 0
53.45; 0
53.55; 1
53.65; 1
53.75; 0
53.85; 1
53.95; 1
54.05; 2
54.15; 1
54.25; 1
54.35; 1
54.45; 2
54.55; 0
54.65; 0
54.75; 1
54.85; 2
54.95; 1
55.05; 1
55.15; 0
55.25; 2
55.35; 1
55.45; 2
55.55; 2
55.65; 3
55.75; 0
55.85; 0
55.95; 0
56.05; 1
56.15; 0
56.25; 0
56.35; 1
56.45; 3
56.55; 0
56.65; 1
56.75; 0
56.85; 0
56.95; 0
57.05; 1
57.15; 0
57.25; 0
57.35; 1
57.45; 0
57.55; 1
57.65; 1
57.75; 0
57.85; 0
57.95; 1
58.05; 0
58.15; 0
58.25; 0
58.35; 0
58.45; 0
58.55; 0
58.65; 2
58.75; 1
58.85; 0
58.95; 0
59.05; 0
59.15; 0
59.25; 1
59.35; 0
59.45; 2
59.55; 1
59.65; 0
59.75; 1
59.85; 2
59.95; 0
60.05; 1
60.15; 0
60.25; 1
60.35; 0
60.45; 1
60.55; 1
60.65; 0
60.75; 1
60.85; 0
60.95; 1
61.05; 0
61.15; 1
61.25; 0
61.35; 0
61.45; 0
61.55; 0
61.65; 0
61.75; 0
61.85; 2
61.95; 2
62.05; 2
62.15; 0
62.25; 1
62.35; 0
62.45; 1
62.55; 0
62.65; 0
62.75; 0
62.85; 0
62.95; 0
63.05; 0
63.15; 0
63.25; 0
63.35; 1
63.45; 1
63.55; 1
63.65; 1
63.75; 0
63.85; 0
63.95; 0
64.05; 0
64.15; 1
64.25; 0
64.35; 0
64.45; 0
64.55; 0
64.65; 0
64.75; 2
64.85; 0
64.95; 2
65.05; 0
65.15; 0
65.25; 1
65.35; 2
65.45; 2
65.55; 0
65.65; 2
65.75; 0
65.85; 0
65.95; 0
66.05; 0
66.15; 1
66.25; 2
66.35; 0
66.45; 0
66.55; 0
66.65; 0
66.75; 1
66.85; 2
66.95; 0
67.05; 0
67.15; 1
67.25; 0
67.35; 0
67.45; 0
67.55; 0
67.65; 0
67.75; 0
67.85; 0
67.95; 0
68.05; 0
68.15; 0
68.25; 1
68.35; 0
68.45; 0
68.55; 0
68.65; 0
68.75; 0
68.85; 0
68.95; 0
69.05; 1
69.15; 0
69.25; 0
69.35; 0
69.45; 0
69.55; 0
69.65; 0
69.75; 1
69.85; 0
69.95; 1
70.05; 1
70.15; 0
70.25; 0
70.35; 0
70.45; 0
70.55; 0
70.65; 1
70.75; 0
70.85; 0
70.95; 0
71.05; 0
71.15; 0
71.25; 1
71.35; 0
71.45; 1
71.55; 0
71.65; 0
71.75; 0
71.85; 0
71.95; 1
72.05; 0
72.15; 0
72.25; 0
72.35; 0
72.45; 0
72.55; 0
72.65; 0
72.75; 1
72.85; 0
72.95; 1
73.05; 1
73.15; 0
73.25; 0
73.35; 1
73.45; 0
73.55; 1
73.65; 0
73.75; 0
73.85; 0
73.95; 1
74.05; 0
74.15; 0
74.25; 1
74.35; 0
74.45; 0
74.55; 0
74.65; 1
74.75; 0
74.85; 0
74.95; 2
75.05; 0
75.15; 0
75.25; 0
75.35; 0
75.45; 0
75.55; 0
75.65; 1
75.75; 1
75.85; 0
75.95; 1
76.05; 2
76.15; 1
76.25; 1
76.35; 1
76.45; 0
76.55; 0
76.65; 0
76.75; 1
76.85; 0
76.95; 0
77.05; 0
77.15; 0
77.25; 1
77.35; 0
77.45; 0
77.55; 0
77.65; 0
77.75; 0
77.85; 0
77.95; 1
78.05; 0
78.15; 0
78.25; 1
78.35; 0
78.45; 0
78.55; 0
78.65; 0
78.75; 1
78.85; 0
78.95; 1
79.05; 0
79.15; 1
79.25; 0
79.35; 0
79.45; 0
79.55; 0
79.65; 0
79.75; 0
79.85; 0
79.95; 0
80.05; 0
80.15; 1
80.25; 0
80.35; 1
80.45; 0
80.55; 0
80.65; 0
80.75; 0
80.85; 0
80.95; 0
81.05; 0
81.15; 0
81.25; 1
81.35; 0
81.45; 0
81.55; 0
81.65; 0
81.75; 0
81.85; 0
81.95; 0
82.05; 0
82.15; 1
82.25; 0
82.35; 0
82.45; 0
82.55; 0
82.65; 1
82.75; 0
82.85; 2
82.95; 0
83.05; 0
83.15; 0
83.25; 0
83.35; 1
83.45; 0
83.55; 0
83.65; 0
83.75; 1
83.85; 1
83.95; 0
84.05; 0
84.15; 0
84.25; 0
84.35; 0
84.45; 0
84.55; 0
84.65; 0
84.75; 0
84.85; 0
84.95; 0
85.05; 0
85.15; 0
85.25; 0
85.35; 1
85.45; 0
85.55; 0
85.65; 0
85.75; 0
85.85; 0
85.95; 0
86.05; 0
86.15; 0
86.25; 0
86.35; 0
86.45; 0
86.55; 0
86.65; 1
86.75; 0
86.85; 0
86.95; 0
87.05; 0
87.15; 0
87.25; 0
87.35; 1
87.45; 0
87.55; 0
87.65; 0
87.75; 0
87.85; 0
87.95; 0
88.05; 0
88.15; 0
88.25; 0
88.35; 0
88.45; 0
88.55; 0
88.65; 0
88.75; 0
88.85; 0
88.95; 0
89.05; 0
89.15; 1
89.25; 0
89.35; 0
89.45; 0
89.55; 0
89.65; 0
89.75; 1
89.85; 0
89.95; 0
90.05; 0
90.15; 1
90.25; 0
90.35; 0
90.45; 0
90.55; 0
90.65; 0
90.75; 0
90.85; 0
90.95; 0
91.05; 0
91.15; 0
91.25; 0
91.35; 1
91.45; 0
91.55; 1
91.65; 0
91.75; 0
91.85; 0
91.95; 0
92.05; 0
92.15; 0
92.25; 0
92.35; 0
92.45; 0
92.55; 0
92.65; 1
92.75; 0
92.85; 0
92.95; 1
93.05; 0
93.15; 0
93.25; 0
93.35; 0
93.45; 0
93.55; 0
93.65; 0
93.75; 0
93.85; 0
93.95; 0
94.05; 0
94.15; 0
94.25; 0
94.35; 0
94.45; 0
94.55; 0
94.65; 1
94.75; 0
94.85; 0
94.95; 0
95.05; 0
95.15; 0
95.25; 0
95.35; 0
95.45; 0
95.55; 0
95.65; 0
95.75; 0
95.85; 0
95.95; 0
96.05; 0
96.15; 1
96.25; 0
96.35; 1
96.45; 0
96.55; 0
96.65; 0
96.75; 0
96.85; 0
96.95; 0
97.05; 0
97.15; 1
97.25; 1
97.35; 0
97.45; 0
97.55; 0
97.65; 0
97.75; 0
97.85; 0
97.95; 0
98.05; 0
98.15; 0
98.25; 0
98.35; 0
98.45; 0
98.55; 0
98.65; 0
98.75; 0
98.85; 0
98.95; 0
99.05; 1
99.15; 0
99.25; 0
99.35; 0
99.45; 0
99.55; 0
99.65; 0
99.75; 0
99.85; 0
