0.0025; 4
0.0075; 3
0.0125; 9
0.0175; 6
0.0225; 3
0.0275; 6
0.0325; 8
0.0375; 4
0.0425; 8
0.0475; 3
0.0525; 3
0.0575; 3
0.0625; 6
0.0675; 4
0.0725; 11
0.0775; 0
0.0825; 3
0.0875; 2
0.0925; 5
0.0975; 5
0.1025; 2
0.1075; 7
0.1125; 4
0.1175; 9
0.1225; 4
0.1275; 4
0.1325; 3
0.1375; 5
0.1425; 3
0.1475; 6
0.1525; 2
0.1575; 5
0.1625; 4
0.1675; 5
0.1725; 3
0.1775; 4
0.1825; 4
0.1875; 6
0.1925; 4
0.1975; 5
0.2025; 5
0.2075; 6
0.2125; 5
0.2175; 7
0.2225; 5
0.2275; 1
0.2325; 2
0.2375; 8
0.2425; 4
0.2475; 1
0.2525; 2
0.2575; 4
0.2625; 10
0.2675; 6
0.2725; 5
0.2775; 6
0.2825; 4
0.2875; 4
0.2925; 5
0.2975; 6
0.3025; 4
0.3075; 6
0.3125; 6
0.3175; 10
0.3225; 4
0.3275; 0
0.3325; 11
0.3375; 5
0.3425; 2
0.3475; 2
0.3525; 10
0.3575; 4
0.3625; 4
0.3675; 2
0.3725; 6
0.3775; 3
0.3825; 2
0.3875; 5
0.3925; 2
0.3975; 7
0.4025; 5
0.4075; 5
0.4125; 7
0.4175; 6
0.4225; 4
0.4275; 3
0.4325; 5
0.4375; 2
0.4425; 8
0.4475; 3
0.4525; 5
0.4575; 7
0.4625; 1
0.4675; 6
0.4725; 5
0.4775; 4
0.4825; 9
0.4875; 3
0.4925; 4
0.4975; 7
0.5025; 3
0.5075; 1
0.5125; 4
0.5175; 7
0.5225; 2
0.5275; 5
0.5325; 6
0.5375; 3
0.5425; 8
0.5475; 4
0.5525; 7
0.5575; 3
0.5625; 5
0.5675; 8
0.5725; 1
0.5775; 3
0.5825; 4
0.5875; 7
0.5925; 5
0.5975; 5
0.6025; 4
0.6075; 3
0.6125; 7
0.6175; 9
0.6225; 6
0.6275; 8
0.6325; 6
0.6375; 4
0.6425; 8
0.6475; 8
0.6525; 2
0.6575; 3
0.6625; 5
0.6675; 5
0.6725; 9
0.6775; 3
0.6825; 3
0.6875; 4
0.6925; 5
0.6975; 4
0.7025; 4
0.7075; 2
0.7125; 7
0.7175; 3
0.7225; 7
0.7275; 2
0.7325; 2
0.7375; 2
0.7425; 11
0.7475; 4
0.7525; 5
0.7575; 3
0.7625; 2
0.7675; 2
0.7725; 5
0.7775; 3
0.7825; 1
0.7875; 4
0.7925; 5
0.7975; 9
0.8025; 7
0.8075; 1
0.8125; 4
0.8175; 4
0.8225; 5
0.8275; 2
0.8325; 6
0.8375; 5
0.8425; 9
0.8475; 6
0.8525; 6
0.8575; 9
0.8625; 5
0.8675; 5
0.8725; 6
0.8775; 4
0.8825; 8
0.8875; 4
0.8925; 5
0.8975; 5
0.9025; 6
0.9075; 7
0.9125; 3
0.9175; 4
0.9225; 3
0.9275; 6
0.9325; 4
0.9375; 7
0.9425; 5
0.9475; 3
0.9525; 6
0.9575; 3
0.9625; 7
0.9675; 3
0.9725; 5
0.9775; 3
0.9825; 5
0.9875; 4
0.9925; 6
0.9975; 3
1.0025; 4
1.0075; 2
1.0125; 4
1.0175; 3
1.0225; 5
1.0275; 4
1.0325; 5
1.0375; 3
1.0425; 7
1.0475; 6
1.0525; 3
1.0575; 5
1.0625; 4
1.0675; 5
1.0725; 5
1.0775; 8
1.0825; 2
1.0875; 5
1.0925; 4
1.0975; 4
1.1025; 0
1.1075; 7
1.1125; 6
1.1175; 4
1.1225; 2
1.1275; 3
1.1325; 5
1.1375; 3
1.1425; 7
1.1475; 2
1.1525; 4
1.1575; 5
1.1625; 5
1.1675; 5
1.1725; 3
1.1775; 5
1.1825; 4
1.1875; 7
1.1925; 3
1.1975; 2
1.2025; 9
1.2075; 4
1.2125; 4
1.2175; 4
1.2225; 11
1.2275; 5
1.2325; 8
1.2375; 3
1.2425; 5
1.2475; 4
1.2525; 7
1.2575; 4
1.2625; 5
1.2675; 1
1.2725; 5
1.2775; 2
1.2825; 6
1.2875; 1
1.2925; 5
1.2975; 2
1.3025; 3
1.3075; 4
1.3125; 3
1.3175; 6
1.3225; 3
1.3275; 8
1.3325; 5
1.3375; 8
1.3425; 9
1.3475; 5
1.3525; 5
1.3575; 4
1.3625; 4
1.3675; 4
1.3725; 3
1.3775; 6
1.3825; 3
1.3875; 4
1.3925; 3
1.3975; 6
1.4025; 3
1.4075; 3
1.4125; 3
1.4175; 5
1.4225; 2
1.4275; 3
1.4325; 4
1.4375; 7
1.4425; 3
1.4475; 4
1.4525; 6
1.4575; 4
1.4625; 4
1.4675; 2
1.4725; 5
1.4775; 5
1.4825; 3
1.4875; 5
1.4925; 4
1.4975; 4
1.5025; 6
1.5075; 4
1.5125; 3
1.5175; 3
1.5225; 2
1.5275; 3
1.5325; 3
1.5375; 1
1.5425; 7
1.5475; 5
1.5525; 4
1.5575; 9
1.5625; 3
1.5675; 4
1.5725; 3
1.5775; 2
1.5825; 5
1.5875; 2
1.5925; 6
1.5975; 4
1.6025; 5
1.6075; 6
1.6125; 3
1.6175; 9
1.6225; 8
1.6275; 4
1.6325; 2
1.6375; 6
1.6425; 4
1.6475; 6
1.6525; 5
1.6575; 3
1.6625; 5
1.6675; 7
1.6725; 4
1.6775; 2
1.6825; 6
1.6875; 4
1.6925; 2
1.6975; 7
1.7025; 6
1.7075; 4
1.7125; 7
1.7175; 6
1.7225; 3
1.7275; 6
1.7325; 5
1.7375; 4
1.7425; 5
1.7475; 1
1.7525; 5
1.7575; 5
1.7625; 6
1.7675; 3
1.7725; 7
1.7775; 7
1.7825; 7
1.7875; 5
1.7925; 9
1.7975; 3
1.8025; 4
1.8075; 4
1.8125; 4
1.8175; 4
1.8225; 5
1.8275; 2
1.8325; 2
1.8375; 5
1.8425; 5
1.8475; 2
1.8525; 1
1.8575; 2
1.8625; 8
1.8675; 8
1.8725; 7
1.8775; 4
1.8825; 2
1.8875; 4
1.8925; 5
1.8975; 4
1.9025; 2
1.9075; 4
1.9125; 4
1.9175; 5
1.9225; 5
1.9275; 7
1.9325; 1
1.9375; 1
1.9425; 2
1.9475; 6
1.9525; 3
1.9575; 1
1.9625; 1
1.9675; 5
1.9725; 6
1.9775; 3
1.9825; 6
1.9875; 4
1.9925; 2
1.9975; 4
2.0025; 4
2.0075; 11
2.0125; 5
2.0175; 6
2.0225; 8
2.0275; 4
2.0325; 2
2.0375; 3
2.0425; 5
2.0475; 4
2.0525; 5
2.0575; 2
2.0625; 2
2.0675; 5
2.0725; 2
2.0775; 3
2.0825; 1
2.0875; 6
2.0925; 4
2.0975; 4
2.1025; 2
2.1075; 3
2.1125; 5
2.1175; 7
2.1225; 2
2.1275; 5
2.1325; 5
2.1375; 5
2.1425; 8
2.1475; 3
2.1525; 1
2.1575; 4
2.1625; 9
2.1675; 5
2.1725; 2
2.1775; 5
2.1825; 4
2.1875; 0
2.1925; 3
2.1975; 5
2.2025; 4
2.2075; 4
2.2125; 3
2.2175; 6
2.2225; 3
2.2275; 2
2.2325; 8
2.2375; 5
2.2425; 6
2.2475; 4
2.2525; 2
2.2575; 5
2.2625; 6
2.2675; 5
2.2725; 4
2.2775; 3
2.2825; 8
2.2875; 9
2.2925; 2
2.2975; 4
2.3025; 4
2.3075; 12
2.3125; 1
2.3175; 7
2.3225; 7
2.3275; 6
2.3325; 5
2.3375; 6
2.3425; 3
2.3475; 4
2.3525; 5
2.3575; 2
2.3625; 1
2.3675; 5
2.3725; 7
2.3775; 6
2.3825; 9
2.3875; 2
2.3925; 4
2.3975; 4
2.4025; 6
2.4075; 4
2.4125; 2
2.4175; 4
2.4225; 4
2.4275; 6
2.4325; 5
2.4375; 2
2.4425; 1
2.4475; 6
2.4525; 8
2.4575; 2
2.4625; 6
2.4675; 3
2.4725; 6
2.4775; 4
2.4825; 4
2.4875; 0
2.4925; 8
2.4975; 10
2.5025; 6
2.5075; 4
2.5125; 10
2.5175; 4
2.5225; 6
2.5275; 4
2.5325; 4
2.5375; 4
2.5425; 3
2.5475; 2
2.5525; 5
2.5575; 8
2.5625; 3
2.5675; 5
2.5725; 5
2.5775; 4
2.5825; 4
2.5875; 5
2.5925; 6
2.5975; 11
2.6025; 4
2.6075; 6
2.6125; 4
2.6175; 4
2.6225; 3
2.6275; 6
2.6325; 5
2.6375; 5
2.6425; 2
2.6475; 9
2.6525; 5
2.6575; 1
2.6625; 5
2.6675; 8
2.6725; 5
2.6775; 3
2.6825; 7
2.6875; 6
2.6925; 2
2.6975; 5
2.7025; 3
2.7075; 9
2.7125; 5
2.7175; 7
2.7225; 6
2.7275; 4
2.7325; 4
2.7375; 3
2.7425; 5
2.7475; 6
2.7525; 12
2.7575; 6
2.7625; 9
2.7675; 7
2.7725; 4
2.7775; 6
2.7825; 6
2.7875; 6
2.7925; 7
2.7975; 6
2.8025; 5
2.8075; 4
2.8125; 9
2.8175; 6
2.8225; 3
2.8275; 5
2.8325; 8
2.8375; 8
2.8425; 8
2.8475; 6
2.8525; 8
2.8575; 6
2.8625; 4
2.8675; 8
2.8725; 8
2.8775; 7
2.8825; 6
2.8875; 4
2.8925; 3
2.8975; 7
2.9025; 13
2.9075; 4
2.9125; 5
2.9175; 4
2.9225; 6
2.9275; 9
2.9325; 8
2.9375; 6
2.9425; 10
2.9475; 5
2.9525; 5
2.9575; 5
2.9625; 7
2.9675; 9
2.9725; 3
2.9775; 3
2.9825; 2
2.9875; 5
2.9925; 4
2.9975; 5
3.0025; 6
3.0075; 10
3.0125; 7
3.0175; 8
3.0225; 8
3.0275; 5
3.0325; 6
3.0375; 8
3.0425; 4
3.0475; 6
3.0525; 5
3.0575; 7
3.0625; 6
3.0675; 10
3.0725; 8
3.0775; 7
3.0825; 5
3.0875; 8
3.0925; 6
3.0975; 6
3.1025; 7
3.1075; 4
3.1125; 10
3.1175; 13
3.1225; 7
3.1275; 3
3.1325; 6
3.1375; 7
3.1425; 7
3.1475; 5
3.1525; 4
3.1575; 2
3.1625; 7
3.1675; 7
3.1725; 10
3.1775; 6
3.1825; 10
3.1875; 7
3.1925; 7
3.1975; 7
3.2025; 10
3.2075; 5
3.2125; 6
3.2175; 7
3.2225; 13
3.2275; 5
3.2325; 8
3.2375; 0
3.2425; 5
3.2475; 5
3.2525; 7
3.2575; 5
3.2625; 2
3.2675; 1
3.2725; 6
3.2775; 6
3.2825; 5
3.2875; 2
3.2925; 4
3.2975; 9
3.3025; 3
3.3075; 7
3.3125; 7
3.3175; 12
3.3225; 8
3.3275; 5
3.3325; 9
3.3375; 8
3.3425; 3
3.3475; 12
3.3525; 5
3.3575; 8
3.3625; 6
3.3675; 7
3.3725; 1
3.3775; 8
3.3825; 7
3.3875; 4
3.3925; 4
3.3975; 12
3.4025; 12
3.4075; 4
3.4125; 6
3.4175; 16
3.4225; 5
3.4275; 9
3.4325; 9
3.4375; 8
3.4425; 6
3.4475; 10
3.4525; 8
3.4575; 6
3.4625; 8
3.4675; 3
3.4725; 3
3.4775; 8
3.4825; 4
3.4875; 7
3.4925; 10
3.4975; 4
3.5025; 10
3.5075; 8
3.5125; 7
3.5175; 5
3.5225; 4
3.5275; 10
3.5325; 4
3.5375; 7
3.5425; 9
3.5475; 8
3.5525; 4
3.5575; 4
3.5625; 11
3.5675; 6
3.5725; 8
3.5775; 5
3.5825; 8
3.5875; 9
3.5925; 6
3.5975; 12
3.6025; 4
3.6075; 6
3.6125; 8
3.6175; 9
3.6225; 2
3.6275; 5
3.6325; 10
3.6375; 10
3.6425; 6
3.6475; 4
3.6525; 8
3.6575; 7
3.6625; 0
3.6675; 8
3.6725; 7
3.6775; 10
3.6825; 7
3.6875; 4
3.6925; 5
3.6975; 5
3.7025; 6
3.7075; 3
3.7125; 5
3.7175; 1
3.7225; 9
3.7275; 3
3.7325; 7
3.7375; 7
3.7425; 10
3.7475; 3
3.7525; 3
3.7575; 10
3.7625; 8
3.7675; 4
3.7725; 6
3.7775; 2
3.7825; 5
3.7875; 3
3.7925; 6
3.7975; 2
3.8025; 6
3.8075; 8
3.8125; 9
3.8175; 6
3.8225; 9
3.8275; 5
3.8325; 8
3.8375; 5
3.8425; 6
3.8475; 5
3.8525; 7
3.8575; 5
3.8625; 11
3.8675; 5
3.8725; 6
3.8775; 5
3.8825; 8
3.8875; 5
3.8925; 7
3.8975; 7
3.9025; 2
3.9075; 4
3.9125; 6
3.9175; 6
3.9225; 10
3.9275; 5
3.9325; 5
3.9375; 12
3.9425; 6
3.9475; 3
3.9525; 7
3.9575; 2
3.9625; 3
3.9675; 6
3.9725; 7
3.9775; 7
3.9825; 1
3.9875; 6
3.9925; 9
3.9975; 2
4.0025; 7
4.0075; 7
4.0125; 2
4.0175; 4
4.0225; 6
4.0275; 5
4.0325; 2
4.0375; 4
4.0425; 6
4.0475; 5
4.0525; 6
4.0575; 5
4.0625; 9
4.0675; 7
4.0725; 9
4.0775; 6
4.0825; 6
4.0875; 7
4.0925; 4
4.0975; 5
4.1025; 7
4.1075; 6
4.1125; 2
4.1175; 12
4.1225; 5
4.1275; 10
4.1325; 3
4.1375; 2
4.1425; 7
4.1475; 4
4.1525; 5
4.1575; 10
4.1625; 10
4.1675; 7
4.1725; 9
4.1775; 5
4.1825; 1
4.1875; 6
4.1925; 8
4.1975; 2
4.2025; 5
4.2075; 4
4.2125; 7
4.2175; 1
4.2225; 6
4.2275; 5
4.2325; 3
4.2375; 7
4.2425; 8
4.2475; 9
4.2525; 3
4.2575; 11
4.2625; 6
4.2675; 8
4.2725; 3
4.2775; 7
4.2825; 5
4.2875; 7
4.2925; 4
4.2975; 4
4.3025; 3
4.3075; 4
4.3125; 6
4.3175; 6
4.3225; 7
4.3275; 5
4.3325; 6
4.3375; 6
4.3425; 5
4.3475; 3
4.3525; 5
4.3575; 2
4.3625; 5
4.3675; 5
4.3725; 3
4.3775; 5
4.3825; 6
4.3875; 7
4.3925; 1
4.3975; 7
4.4025; 2
4.4075; 5
4.4125; 4
4.4175; 5
4.4225; 6
4.4275; 6
4.4325; 5
4.4375; 4
4.4425; 5
4.4475; 4
4.4525; 7
4.4575; 8
4.4625; 7
4.4675; 3
4.4725; 2
4.4775; 4
4.4825; 5
4.4875; 4
4.4925; 0
4.4975; 6
4.5025; 7
4.5075; 4
4.5125; 7
4.5175; 8
4.5225; 5
4.5275; 5
4.5325; 6
4.5375; 3
4.5425; 7
4.5475; 4
4.5525; 4
4.5575; 5
4.5625; 2
4.5675; 2
4.5725; 1
4.5775; 4
4.5825; 3
4.5875; 4
4.5925; 3
4.5975; 6
4.6025; 4
4.6075; 7
4.6125; 4
4.6175; 6
4.6225; 5
4.6275; 1
4.6325; 1
4.6375; 5
4.6425; 4
4.6475; 5
4.6525; 10
4.6575; 7
4.6625; 3
4.6675; 6
4.6725; 3
4.6775; 6
4.6825; 3
4.6875; 6
4.6925; 2
4.6975; 5
4.7025; 2
4.7075; 1
4.7125; 6
4.7175; 2
4.7225; 6
4.7275; 2
4.7325; 6
4.7375; 1
4.7425; 5
4.7475; 6
4.7525; 6
4.7575; 2
4.7625; 7
4.7675; 4
4.7725; 4
4.7775; 5
4.7825; 4
4.7875; 7
4.7925; 5
4.7975; 5
4.8025; 6
4.8075; 5
4.8125; 4
4.8175; 6
4.8225; 3
4.8275; 3
4.8325; 1
4.8375; 5
4.8425; 6
4.8475; 3
4.8525; 8
4.8575; 7
4.8625; 4
4.8675; 6
4.8725; 3
4.8775; 5
4.8825; 3
4.8875; 5
4.8925; 3
4.8975; 4
4.9025; 1
4.9075; 6
4.9125; 4
4.9175; 5
4.9225; 3
4.9275; 8
4.9325; 3
4.9375; 6
4.9425; 2
4.9475; 4
4.9525; 5
4.9575; 8
4.9625; 5
4.9675; 5
4.9725; 3
4.9775; 3
4.9825; 5
4.9875; 3
4.9925; 2
