0.025; 0
0.075; 0
0.125; 0
0.175; 0
0.225; 0
0.275; 0
0.325; 0
0.375; 0
0.425; 0
0.475; 0
0.525; 0
0.575; 0
0.625; 0
0.675; 0
0.725; 0
0.775; 0
0.825; 0
0.875; 0
0.925; 0
0.975; 0
1.025; 0
1.075; 0
1.125; 0
1.175; 0
1.225; 0
1.275; 0
1.325; 0
1.375; 0
1.425; 0
1.475; 0
1.525; 0
1.575; 0
1.625; 0
1.675; 0
1.725; 0
1.775; 0
1.825; 0
1.875; 0
1.925; 0
1.975; 0
2.025; 0
2.075; 0
2.125; 0
2.175; 0
2.225; 0
2.275; 0
2.325; 0
2.375; 0
2.425; 0
2.475; 0
2.525; 0
2.575; 0
2.625; 0
2.675; 0
2.725; 0
2.775; 0
2.825; 0
2.875; 0
2.925; 0
2.975; 0
3.025; 0
3.075; 0
3.125; 0
3.175; 0
3.225; 0
3.275; 0
3.325; 0
3.375; 0
3.425; 0
3.475; 0
3.525; 0
3.575; 0
3.625; 0
3.675; 0
3.725; 0
3.775; 0
3.825; 0
3.875; 0
3.925; 0
3.975; 0
4.025; 0
4.075; 0
4.125; 0
4.175; 0
4.225; 0
4.275; 0
4.325; 0
4.375; 0
4.425; 0
4.475; 0
4.525; 0
4.575; 0
4.625; 1
4.675; 0
4.725; 0
4.775; 0
4.825; 0
4.875; 0
4.925; 0
4.975; 0
5.025; 0
5.075; 0
5.125; 0
5.175; 0
5.225; 0
5.275; 0
5.325; 0
5.375; 0
5.425; 0
5.475; 0
5.525; 0
5.575; 0
5.625; 0
5.675; 0
5.725; 0
5.775; 0
5.825; 0
5.875; 0
5.925; 0
5.975; 1
6.025; 0
6.075; 0
6.125; 0
6.175; 0
6.225; 0
6.275; 0
6.325; 5
6.375; 4
6.425; 12
6.475; 11
6.525; 25
6.575; 34
6.625; 51
6.675; 94
6.725; 112
6.775; 173
6.825; 288
6.875; 370
6.925; 508
6.975; 686
7.025; 867
7.075; 1250
7.125; 1521
7.175; 1883
7.225; 2310
7.275; 2738
7.325; 3102
7.375; 3645
7.425; 4135
7.475; 4586
7.525; 4811
7.575; 4991
7.625; 5282
7.675; 5258
7.725; 5301
7.775; 5015
7.825; 4721
7.875; 4444
7.925; 4149
7.975; 3561
8.025; 3174
8.075; 2724
8.125; 2317
8.175; 1915
8.225; 1523
8.275; 1215
8.325; 937
8.375; 730
8.425; 494
8.475; 369
8.525; 263
8.575; 225
8.625; 144
8.675; 108
8.725; 61
8.775; 53
8.825; 38
8.875; 23
8.925; 16
8.975; 9
9.025; 10
9.075; 5
9.125; 4
9.175; 5
9.225; 8
9.275; 5
9.325; 2
9.375; 4
9.425; 5
9.475; 4
9.525; 3
9.575; 2
9.625; 3
9.675; 3
9.725; 4
9.775; 1
9.825; 3
9.875; 3
9.925; 0
9.975; 3
10.025; 3
10.075; 3
10.125; 0
10.175; 3
10.225; 1
10.275; 2
10.325; 5
10.375; 0
10.425; 0
10.475; 2
10.525; 2
10.575; 4
10.625; 2
10.675; 3
10.725; 4
10.775; 3
10.825; 0
10.875; 3
10.925; 2
10.975; 4
11.025; 2
11.075; 2
11.125; 0
11.175; 0
11.225; 1
11.275; 0
11.325; 2
11.375; 2
11.425; 0
11.475; 2
11.525; 0
11.575; 0
11.625; 0
11.675; 3
11.725; 2
11.775; 1
11.825; 1
11.875; 3
11.925; 0
11.975; 0
12.025; 2
12.075; 2
12.125; 1
12.175; 3
12.225; 3
12.275; 0
12.325; 3
12.375; 2
12.425; 0
12.475; 1
12.525; 0
12.575; 3
12.625; 2
12.675; 0
12.725; 1
12.775; 1
12.825; 1
12.875; 2
12.925; 0
12.975; 0
13.025; 1
13.075; 1
13.125; 2
13.175; 1
13.225; 3
13.275; 2
13.325; 4
13.375; 0
13.425; 2
13.475; 1
13.525; 0
13.575; 2
13.625; 3
13.675; 0
13.725; 1
13.775; 1
13.825; 0
13.875; 3
13.925; 0
13.975; 2
14.025; 2
14.075; 1
14.125; 0
14.175; 1
14.225; 1
14.275; 1
14.325; 2
14.375; 0
14.425; 1
14.475; 2
14.525; 1
14.575; 2
14.625; 1
14.675; 1
14.725; 2
14.775; 2
14.825; 3
14.875; 1
14.925; 1
14.975; 1
15.025; 1
15.075; 2
15.125; 1
15.175; 0
15.225; 1
15.275; 3
15.325; 2
15.375; 0
15.425; 0
15.475; 1
15.525; 2
15.575; 0
15.625; 0
15.675; 1
15.725; 0
15.775; 1
15.825; 0
15.875; 2
15.925; 1
15.975; 0
16.025; 1
16.075; 0
16.125; 2
16.175; 0
16.225; 2
16.275; 1
16.325; 2
16.375; 3
16.425; 2
16.475; 1
16.525; 0
16.575; 2
16.625; 1
16.675; 1
16.725; 0
16.775; 1
16.825; 2
16.875; 1
16.925; 1
16.975; 2
17.025; 4
17.075; 0
17.125; 0
17.175; 2
17.225; 1
17.275; 0
17.325; 2
17.375; 2
17.425; 0
17.475; 1
17.525; 0
17.575; 2
17.625; 0
17.675; 0
17.725; 1
17.775; 1
17.825; 2
17.875; 3
17.925; 0
17.975; 1
18.025; 1
18.075; 2
18.125; 0
18.175; 1
18.225; 2
18.275; 0
18.325; 0
18.375; 1
18.425; 1
18.475; 0
18.525; 0
18.575; 1
18.625; 1
18.675; 1
18.725; 0
18.775; 0
18.825; 2
18.875; 0
18.925; 2
18.975; 1
19.025; 0
19.075; 1
19.125; 1
19.175; 1
19.225; 3
19.275; 1
19.325; 1
19.375; 2
19.425; 0
19.475; 1
19.525; 1
19.575; 2
19.625; 2
19.675; 2
19.725; 0
19.775; 0
19.825; 1
19.875; 1
19.925; 0
19.975; 1
20.025; 0
20.075; 0
20.125; 2
20.175; 0
20.225; 3
20.275; 0
20.325; 1
20.375; 1
20.425; 1
20.475; 1
20.525; 3
20.575; 2
20.625; 0
20.675; 0
20.725; 0
20.775; 1
20.825; 1
20.875; 1
20.925; 1
20.975; 0
21.025; 1
21.075; 0
21.125; 1
21.175; 1
21.225; 3
21.275; 1
21.325; 1
21.375; 1
21.425; 0
21.475; 1
21.525; 1
21.575; 0
21.625; 0
21.675; 2
21.725; 0
21.775; 0
21.825; 0
21.875; 0
21.925; 0
21.975; 1
22.025; 0
22.075; 0
22.125; 0
22.175; 2
22.225; 0
22.275; 1
22.325; 3
22.375; 0
22.425; 0
22.475; 0
22.525; 1
22.575; 2
22.625; 1
22.675; 0
22.725; 0
22.775; 0
22.825; 3
22.875; 0
22.925; 0
22.975; 0
23.025; 1
23.075; 0
23.125; 0
23.175; 1
23.225; 1
23.275; 1
23.325; 1
23.375; 1
23.425; 0
23.475; 1
23.525; 2
23.575; 1
23.625; 0
23.675; 2
23.725; 1
23.775; 3
23.825; 0
23.875; 0
23.925; 2
23.975; 2
24.025; 2
24.075; 1
24.125; 0
24.175; 1
24.225; 1
24.275; 0
24.325; 0
24.375; 0
24.425; 1
24.475; 2
24.525; 1
24.575; 0
24.625; 0
24.675; 1
24.725; 0
24.775; 2
24.825; 5
24.875; 1
24.925; 0
24.975; 0
25.025; 1
25.075; 0
25.125; 0
25.175; 1
25.225; 1
25.275; 2
25.325; 1
25.375; 1
25.425; 0
25.475; 0
25.525; 1
25.575; 0
25.625; 1
25.675; 0
25.725; 0
25.775; 1
25.825; 0
25.875; 2
25.925; 0
25.975; 0
26.025; 1
26.075; 0
26.125; 0
26.175; 4
26.225; 0
26.275; 1
26.325; 1
26.375; 2
26.425; 0
26.475; 1
26.525; 1
26.575; 1
26.625; 0
26.675; 0
26.725; 3
26.775; 0
26.825; 0
26.875; 1
26.925; 1
26.975; 2
27.025; 1
27.075; 1
27.125; 1
27.175; 0
27.225; 0
27.275; 1
27.325; 0
27.375; 2
27.425; 1
27.475; 2
27.525; 1
27.575; 0
27.625; 0
27.675; 0
27.725; 1
27.775; 2
27.825; 0
27.875; 0
27.925; 0
27.975; 1
28.025; 0
28.075; 1
28.125; 0
28.175; 1
28.225; 2
28.275; 2
28.325; 2
28.375; 1
28.425; 0
28.475; 2
28.525; 1
28.575; 0
28.625; 0
28.675; 1
28.725; 2
28.775; 0
28.825; 0
28.875; 1
28.925; 2
28.975; 1
29.025; 0
29.075; 2
29.125; 1
29.175; 0
29.225; 0
29.275; 2
29.325; 1
29.375; 0
29.425; 0
29.475; 1
29.525; 1
29.575; 0
29.625; 1
29.675; 0
29.725; 0
29.775; 1
29.825; 0
29.875; 0
29.925; 0
29.975; 0
30.025; 1
30.075; 0
30.125; 0
30.175; 0
30.225; 0
30.275; 0
30.325; 1
30.375; 0
30.425; 0
30.475; 0
30.525; 1
30.575; 1
30.625; 2
30.675; 1
30.725; 1
30.775; 2
30.825; 1
30.875; 0
30.925; 1
30.975; 0
31.025; 0
31.075; 2
31.125; 0
31.175; 0
31.225; 0
31.275; 2
31.325; 2
31.375; 0
31.425; 0
31.475; 2
31.525; 0
31.575; 0
31.625; 1
31.675; 4
31.725; 1
31.775; 1
31.825; 1
31.875; 1
31.925; 0
31.975; 0
32.025; 1
32.075; 1
32.125; 0
32.175; 0
32.225; 0
32.275; 0
32.325; 0
32.375; 0
32.425; 0
32.475; 1
32.525; 0
32.575; 0
32.625; 0
32.675; 1
32.725; 1
32.775; 0
32.825; 2
32.875; 0
32.925; 0
32.975; 0
33.025; 0
33.075; 2
33.125; 0
33.175; 1
33.225; 0
33.275; 1
33.325; 0
33.375; 2
33.425; 2
33.475; 1
33.525; 1
33.575; 0
33.625; 0
33.675; 0
33.725; 1
33.775; 0
33.825; 3
33.875; 0
33.925; 0
33.975; 1
34.025; 0
34.075; 0
34.125; 0
34.175; 1
34.225; 0
34.275; 1
34.325; 0
34.375; 1
34.425; 0
34.475; 0
34.525; 1
34.575; 0
34.625; 0
34.675; 1
34.725; 0
34.775; 2
34.825; 1
34.875; 2
34.925; 2
34.975; 0
35.025; 0
35.075; 0
35.125; 2
35.175; 0
35.225; 0
35.275; 1
35.325; 1
35.375; 1
35.425; 0
35.475; 0
35.525; 1
35.575; 0
35.625; 0
35.675; 0
35.725; 0
35.775; 1
35.825; 1
35.875; 0
35.925; 0
35.975; 0
36.025; 0
36.075; 0
36.125; 0
36.175; 1
36.225; 0
36.275; 1
36.325; 0
36.375; 1
36.425; 1
36.475; 0
36.525; 0
36.575; 0
36.625; 0
36.675; 0
36.725; 1
36.775; 2
36.825; 0
36.875; 1
36.925; 0
36.975; 0
37.025; 0
37.075; 2
37.125; 1
37.175; 0
37.225; 0
37.275; 0
37.325; 0
37.375; 0
37.425; 0
37.475; 1
37.525; 1
37.575; 0
37.625; 0
37.675; 2
37.725; 0
37.775; 1
37.825; 1
37.875; 0
37.925; 0
37.975; 0
38.025; 0
38.075; 0
38.125; 1
38.175; 0
38.225; 0
38.275; 1
38.325; 0
38.375; 0
38.425; 1
38.475; 1
38.525; 1
38.575; 1
38.625; 0
38.675; 1
38.725; 0
38.775; 0
38.825; 1
38.875; 0
38.925; 0
38.975; 1
39.025; 1
39.075; 1
39.125; 0
39.175; 0
39.225; 0
39.275; 0
39.325; 0
39.375; 0
39.425; 1
39.475; 0
39.525; 0
39.575; 0
39.625; 1
39.675; 0
39.725; 0
39.775; 0
39.825; 0
39.875; 0
39.925; 0
39.975; 0
40.025; 0
40.075; 1
40.125; 1
40.175; 1
40.225; 1
40.275; 0
40.325; 0
40.375; 0
40.425; 0
40.475; 0
40.525; 1
40.575; 1
40.625; 0
40.675; 0
40.725; 0
40.775; 0
40.825; 0
40.875; 0
40.925; 0
40.975; 0
41.025; 0
41.075; 0
41.125; 0
41.175; 0
41.225; 0
41.275; 0
41.325; 0
41.375; 1
41.425; 0
41.475; 0
41.525; 1
41.575; 0
41.625; 0
41.675; 0
41.725; 0
41.775; 0
41.825; 0
41.875; 1
41.925; 0
41.975; 0
42.025; 0
42.075; 0
42.125; 1
42.175; 0
42.225; 0
42.275; 0
42.325; 0
42.375; 0
42.425; 0
42.475; 0
42.525; 0
42.575; 0
42.625; 2
42.675; 0
42.725; 0
42.775; 0
42.825; 0
42.875; 0
42.925; 0
42.975; 0
43.025; 0
43.075; 0
43.125; 0
43.175; 0
43.225; 0
43.275; 0
43.325; 1
43.375; 1
43.425; 0
43.475; 0
43.525; 0
43.575; 0
43.625; 0
43.675; 0
43.725; 0
43.775; 0
43.825; 0
43.875; 0
43.925; 0
43.975; 1
44.025; 0
44.075; 0
44.125; 1
44.175; 1
44.225; 0
44.275; 0
44.325; 0
44.375; 0
44.425; 0
44.475; 0
44.525; 1
44.575; 0
44.625; 0
44.675; 0
44.725; 0
44.775; 0
44.825; 1
44.875; 0
44.925; 0
44.975; 0
45.025; 0
45.075; 1
45.125; 0
45.175; 0
45.225; 0
45.275; 0
45.325; 0
45.375; 0
45.425; 0
45.475; 0
45.525; 0
45.575; 0
45.625; 0
45.675; 0
45.725; 1
45.775; 0
45.825; 0
45.875; 0
45.925; 1
45.975; 1
46.025; 0
46.075; 0
46.125; 0
46.175; 0
46.225; 1
46.275; 0
46.325; 1
46.375; 1
46.425; 0
46.475; 0
46.525; 1
46.575; 0
46.625; 0
46.675; 0
46.725; 1
46.775; 0
46.825; 0
46.875; 0
46.925; 0
46.975; 0
47.025; 0
47.075; 0
47.125; 2
47.175; 0
47.225; 1
47.275; 1
47.325; 1
47.375; 0
47.425; 0
47.475; 0
47.525; 0
47.575; 0
47.625; 0
47.675; 0
47.725; 0
47.775; 1
47.825; 1
47.875; 0
47.925; 1
47.975; 0
48.025; 0
48.075; 0
48.125; 0
48.175; 0
48.225; 0
48.275; 0
48.325; 1
48.375; 0
48.425; 0
48.475; 0
48.525; 0
48.575; 0
48.625; 0
48.675; 0
48.725; 0
48.775; 0
48.825; 0
48.875; 2
48.925; 1
48.975; 1
49.025; 0
49.075; 0
49.125; 0
49.175; 0
49.225; 0
49.275; 1
49.325; 0
49.375; 0
49.425; 0
49.475; 0
49.525; 0
49.575; 0
49.625; 1
49.675; 0
49.725; 1
49.775; 0
49.825; 0
49.875; 1
49.925; 0
