0.05; 11
0.15; 9
0.25; 14
0.35; 7
0.45; 8
0.55; 16
0.65; 139
0.75; 355
0.85; 368
0.95; 259
1.05; 207
1.15; 168
1.25; 116
1.35; 123
1.45; 243
1.55; 308
1.65; 326
1.75; 359
1.85; 290
1.95; 302
2.05; 229
2.15; 216
2.25; 219
2.35; 167
2.45; 171
2.55; 156
2.65; 152
2.75; 235
2.85; 1149
2.95; 3956
3.05; 7805
3.15; 10574
3.25; 11494
3.35; 10997
3.45; 9409
3.55; 7683
3.65; 6204
3.75; 4862
3.85; 3739
3.95; 2856
4.05; 2252
4.15; 1702
4.25; 1291
4.35; 1053
4.45; 732
4.55; 544
4.65; 413
4.75; 301
4.85; 246
4.95; 218
5.05; 181
5.15; 127
5.25; 116
5.35; 105
5.45; 120
5.55; 88
5.65; 89
5.75; 63
5.85; 65
5.95; 63
6.05; 61
6.15; 57
6.25; 61
6.35; 61
6.45; 44
6.55; 48
6.65; 44
6.75; 49
6.85; 60
6.95; 40
7.05; 39
7.15; 36
7.25; 38
7.35; 23
7.45; 46
7.55; 37
7.65; 33
7.75; 40
7.85; 27
7.95; 26
8.05; 29
8.15; 37
8.25; 33
8.35; 22
8.45; 29
8.55; 25
8.65; 28
8.75; 24
8.85; 32
8.95; 25
9.05; 18
9.15; 27
9.25; 19
9.35; 35
9.45; 16
9.55; 23
9.65; 17
9.75; 29
9.85; 24
9.95; 16
10.05; 15
10.15; 31
10.25; 22
10.35; 30
10.45; 15
10.55; 16
10.65; 20
10.75; 15
10.85; 16
10.95; 13
11.05; 20
11.15; 16
11.25; 16
11.35; 17
11.45; 7
11.55; 12
11.65; 21
11.75; 20
11.85; 14
11.95; 11
12.05; 15
12.15; 10
12.25; 22
12.35; 14
12.45; 11
12.55; 17
12.65; 16
12.75; 6
12.85; 13
12.95; 21
13.05; 10
13.15; 14
13.25; 9
13.35; 7
13.45; 15
13.55; 15
13.65; 14
13.75; 14
13.85; 13
13.95; 12
14.05; 19
14.15; 20
14.25; 10
14.35; 5
14.45; 21
14.55; 15
14.65; 6
14.75; 11
14.85; 9
14.95; 15
15.05; 4
15.15; 11
15.25; 15
15.35; 10
15.45; 3
15.55; 9
15.65; 6
15.75; 6
15.85; 12
15.95; 7
16.05; 6
16.15; 16
16.25; 11
16.35; 8
16.45; 9
16.55; 10
16.65; 11
16.75; 10
16.85; 8
16.95; 10
17.05; 7
17.15; 11
17.25; 10
17.35; 7
17.45; 10
17.55; 10
17.65; 6
17.75; 8
17.85; 4
17.95; 8
18.05; 5
18.15; 6
18.25; 6
18.35; 7
18.45; 10
18.55; 10
18.65; 3
18.75; 10
18.85; 6
18.95; 11
19.05; 13
19.15; 3
19.25; 10
19.35; 9
19.45; 5
19.55; 8
19.65; 4
19.75; 6
19.85; 5
19.95; 6
20.05; 3
20.15; 3
20.25; 5
20.35; 9
20.45; 5
20.55; 9
20.65; 8
20.75; 2
20.85; 1
20.95; 7
21.05; 10
21.15; 2
21.25; 3
21.35; 5
21.45; 3
21.55; 4
21.65; 4
21.75; 7
21.85; 8
21.95; 5
22.05; 7
22.15; 6
22.25; 6
22.35; 5
22.45; 6
22.55; 4
22.65; 3
22.75; 3
22.85; 4
22.95; 4
23.05; 2
23.15; 3
23.25; 6
23.35; 5
23.45; 8
23.55; 8
23.65; 2
23.75; 6
23.85; 5
23.95; 4
24.05; 7
24.15; 8
24.25; 10
24.35; 0
24.45; 6
24.55; 3
24.65; 8
24.75; 2
24.85; 6
24.95; 4
25.05; 4
25.15; 3
25.25; 2
25.35; 6
25.45; 3
25.55; 4
25.65; 5
25.75; 4
25.85; 2
25.95; 2
26.05; 3
26.15; 2
26.25; 3
26.35; 5
26.45; 1
26.55; 3
26.65; 2
26.75; 3
26.85; 4
26.95; 4
27.05; 7
27.15; 3
27.25; 3
27.35; 3
27.45; 1
27.55; 5
27.65; 4
27.75; 2
27.85; 3
27.95; 8
28.05; 5
28.15; 3
28.25; 4
28.35; 3
28.45; 4
28.55; 5
28.65; 2
28.75; 3
28.85; 2
28.95; 6
29.05; 4
29.15; 3
29.25; 5
29.35; 2
29.45; 0
29.55; 6
29.65; 5
29.75; 0
29.85; 3
29.95; 2
30.05; 1
30.15; 5
30.25; 2
30.35; 1
30.45; 4
30.55; 4
30.65; 6
30.75; 4
30.85; 7
30.95; 0
31.05; 2
31.15; 2
31.25; 0
31.35; 1
31.45; 3
31.55; 3
31.65; 6
31.75; 1
31.85; 2
31.95; 2
32.05; 4
32.15; 5
32.25; 1
32.35; 2
32.45; 3
32.55; 4
32.65; 4
32.75; 3
32.85; 3
32.95; 7
33.05; 3
33.15; 1
33.25; 0
33.35; 1
33.45; 4
33.55; 3
33.65; 1
33.75; 4
33.85; 1
33.95; 2
34.05; 4
34.15; 3
34.25; 0
34.35; 2
34.45; 4
34.55; 3
34.65; 2
34.75; 1
34.85; 6
34.95; 1
35.05; 3
35.15; 1
35.25; 2
35.35; 4
35.45; 2
35.55; 2
35.65; 0
35.75; 2
35.85; 2
35.95; 1
36.05; 4
36.15; 0
36.25; 1
36.35; 2
36.45; 1
36.55; 1
36.65; 5
36.75; 0
36.85; 2
36.95; 0
37.05; 3
37.15; 0
37.25; 0
37.35; 2
37.45; 0
37.55; 2
37.65; 1
37.75; 0
37.85; 6
37.95; 0
38.05; 2
38.15; 0
38.25; 4
38.35; 1
38.45; 1
38.55; 1
38.65; 2
38.75; 1
38.85; 2
38.95; 0
39.05; 3
39.15; 3
39.25; 2
39.35; 1
39.45; 1
39.55; 1
39.65; 1
39.75; 4
39.85; 2
39.95; 1
40.05; 2
40.15; 3
40.25; 4
40.35; 5
40.45; 1
40.55; 0
40.65; 1
40.75; 1
40.85; 3
40.95; 2
41.05; 2
41.15; 2
41.25; 1
41.35; 6
41.45; 2
41.55; 1
41.65; 0
41.75; 1
41.85; 2
41.95; 0
42.05; 3
42.15; 3
42.25; 2
42.35; 4
42.45; 1
42.55; 1
42.65; 2
42.75; 6
42.85; 2
42.95; 1
43.05; 1
43.15; 2
43.25; 1
43.35; 1
43.45; 4
43.55; 1
43.65; 2
43.75; 1
43.85; 1
43.95; 2
44.05; 1
44.15; 3
44.25; 2
44.35; 3
44.45; 1
44.55; 0
44.65; 0
44.75; 1
44.85; 1
44.95; 1
45.05; 1
45.15; 3
45.25; 1
45.35; 2
45.45; 2
45.55; 1
45.65; 2
45.75; 0
45.85; 0
45.95; 0
46.05; 2
46.15; 4
46.25; 0
46.35; 2
46.45; 3
46.55; 1
46.65; 0
46.75; 1
46.85; 2
46.95; 1
47.05; 0
47.15; 1
47.25; 1
47.35; 0
47.45; 1
47.55; 2
47.65; 0
47.75; 1
47.85; 3
47.95; 1
48.05; 0
48.15; 3
48.25; 1
48.35; 0
48.45; 1
48.55; 3
48.65; 1
48.75; 3
48.85; 1
48.95; 0
49.05; 1
49.15; 1
49.25; 1
49.35; 2
49.45; 1
49.55; 1
49.65; 0
49.75; 1
49.85; 1
49.95; 0
50.05; 3
50.15; 0
50.25; 3
50.35; 1
50.45; 2
50.55; 0
50.65; 1
50.75; 1
50.85; 1
50.95; 0
51.05; 1
51.15; 0
51.25; 1
51.35; 0
51.45; 0
51.55; 2
51.65; 2
51.75; 0
51.85; 1
51.95; 0
52.05; 4
52.15; 1
52.25; 0
52.35; 1
52.45; 0
52.55; 1
52.65; 0
52.75; 1
52.85; 1
52.95; 1
53.05; 0
53.15; 1
53.25; 3
53.35; 0
53.45; 0
53.55; 0
53.65; 1
53.75; 0
53.85; 1
53.95; 1
54.05; 1
54.15; 0
54.25; 1
54.35; 0
54.45; 1
54.55; 1
54.65; 1
54.75; 2
54.85; 1
54.95; 0
55.05; 0
55.15; 1
55.25; 1
55.35; 0
55.45; 1
55.55; 0
55.65; 1
55.75; 0
55.85; 0
55.95; 0
56.05; 0
56.15; 2
56.25; 0
56.35; 0
56.45; 2
56.55; 0
56.65; 0
56.75; 1
56.85; 1
56.95; 1
57.05; 0
57.15; 1
57.25; 1
57.35; 1
57.45; 1
57.55; 0
57.65; 2
57.75; 0
57.85; 1
57.95; 0
58.05; 1
58.15; 1
58.25; 1
58.35; 1
58.45; 0
58.55; 0
58.65; 0
58.75; 0
58.85; 0
58.95; 2
59.05; 1
59.15; 3
59.25; 0
59.35; 0
59.45; 0
59.55; 0
59.65; 1
59.75; 0
59.85; 1
59.95; 0
60.05; 1
60.15; 1
60.25; 1
60.35; 1
60.45; 3
60.55; 1
60.65; 0
60.75; 0
60.85; 0
60.95; 0
61.05; 0
61.15; 0
61.25; 1
61.35; 2
61.45; 0
61.55; 0
61.65; 1
61.75; 0
61.85; 1
61.95; 0
62.05; 0
62.15; 2
62.25; 1
62.35; 2
62.45; 0
62.55; 2
62.65; 0
62.75; 0
62.85; 0
62.95; 0
63.05; 0
63.15; 1
63.25; 1
63.35; 0
63.45; 0
63.55; 0
63.65; 0
63.75; 1
63.85; 0
63.95; 0
64.05; 0
64.15; 1
64.25; 1
64.35; 0
64.45; 1
64.55; 0
64.65; 2
64.75; 0
64.85; 0
64.95; 0
65.05; 1
65.15; 0
65.25; 0
65.35; 1
65.45; 0
65.55; 0
65.65; 0
65.75; 1
65.85; 0
65.95; 2
66.05; 0
66.15; 2
66.25; 0
66.35; 0
66.45; 1
66.55; 0
66.65; 0
66.75; 0
66.85; 0
66.95; 0
67.05; 0
67.15; 1
67.25; 1
67.35; 1
67.45; 0
67.55; 0
67.65; 3
67.75; 2
67.85; 1
67.95; 0
68.05; 0
68.15; 0
68.25; 1
68.35; 3
68.45; 1
68.55; 1
68.65; 0
68.75; 0
68.85; 2
68.95; 3
69.05; 0
69.15; 2
69.25; 0
69.35; 0
69.45; 0
69.55; 1
69.65; 1
69.75; 0
69.85; 1
69.95; 1
70.05; 0
70.15; 1
70.25; 0
70.35; 0
70.45; 1
70.55; 0
70.65; 0
70.75; 1
70.85; 0
70.95; 0
71.05; 2
71.15; 3
71.25; 0
71.35; 2
71.45; 0
71.55; 1
71.65; 0
71.75; 0
71.85; 0
71.95; 0
72.05; 1
72.15; 0
72.25; 0
72.35; 0
72.45; 0
72.55; 0
72.65; 0
72.75; 0
72.85; 0
72.95; 1
73.05; 1
73.15; 1
73.25; 1
73.35; 1
73.45; 0
73.55; 0
73.65; 0
73.75; 1
73.85; 0
73.95; 0
74.05; 0
74.15; 1
74.25; 0
74.35; 0
74.45; 0
74.55; 0
74.65; 2
74.75; 0
74.85; 0
74.95; 1
75.05; 0
75.15; 0
75.25; 0
75.35; 1
75.45; 1
75.55; 0
75.65; 0
75.75; 1
75.85; 1
75.95; 1
76.05; 2
76.15; 0
76.25; 0
76.35; 0
76.45; 1
76.55; 0
76.65; 1
76.75; 1
76.85; 0
76.95; 0
77.05; 0
77.15; 0
77.25; 0
77.35; 0
77.45; 0
77.55; 0
77.65; 0
77.75; 0
77.85; 1
77.95; 0
78.05; 1
78.15; 1
78.25; 2
78.35; 0
78.45; 0
78.55; 0
78.65; 0
78.75; 0
78.85; 0
78.95; 0
79.05; 0
79.15; 1
79.25; 1
79.35; 0
79.45; 0
79.55; 0
79.65; 0
79.75; 0
79.85; 0
79.95; 0
80.05; 1
80.15; 1
80.25; 1
80.35; 0
80.45; 0
80.55; 0
80.65; 2
80.75; 0
80.85; 1
80.95; 1
81.05; 1
81.15; 0
81.25; 1
81.35; 0
81.45; 0
81.55; 0
81.65; 0
81.75; 0
81.85; 0
81.95; 0
82.05; 1
82.15; 0
82.25; 1
82.35; 1
82.45; 1
82.55; 0
82.65; 0
82.75; 0
82.85; 0
82.95; 0
83.05; 0
83.15; 1
83.25; 0
83.35; 0
83.45; 0
83.55; 0
83.65; 0
83.75; 0
83.85; 0
83.95; 1
84.05; 0
84.15; 1
84.25; 0
84.35; 0
84.45; 0
84.55; 0
84.65; 0
84.75; 0
84.85; 0
84.95; 0
85.05; 1
85.15; 1
85.25; 1
85.35; 0
85.45; 0
85.55; 1
85.65; 0
85.75; 2
85.85; 0
85.95; 1
86.05; 1
86.15; 0
86.25; 0
86.35; 1
86.45; 0
86.55; 0
86.65; 1
86.75; 1
86.85; 0
86.95; 0
87.05; 0
87.15; 0
87.25; 0
87.35; 0
87.45; 0
87.55; 1
87.65; 0
87.75; 0
87.85; 0
87.95; 0
88.05; 0
88.15; 1
88.25; 1
88.35; 2
88.45; 1
88.55; 0
88.65; 1
88.75; 0
88.85; 0
88.95; 1
89.05; 0
89.15; 0
89.25; 1
89.35; 0
89.45; 0
89.55; 0
89.65; 0
89.75; 0
89.85; 1
89.95; 0
90.05; 0
90.15; 0
90.25; 0
90.35; 0
90.45; 1
90.55; 0
90.65; 0
90.75; 0
90.85; 1
90.95; 0
91.05; 0
91.15; 0
91.25; 0
91.35; 0
91.45; 0
91.55; 0
91.65; 0
91.75; 0
91.85; 0
91.95; 0
92.05; 0
92.15; 0
92.25; 0
92.35; 0
92.45; 0
92.55; 0
92.65; 0
92.75; 0
92.85; 0
92.95; 0
93.05; 0
93.15; 0
93.25; 0
93.35; 0
93.45; 0
93.55; 0
93.65; 0
93.75; 1
93.85; 1
93.95; 0
94.05; 0
94.15; 0
94.25; 0
94.35; 0
94.45; 0
94.55; 0
94.65; 0
94.75; 0
94.85; 0
94.95; 0
95.05; 0
95.15; 0
95.25; 0
95.35; 1
95.45; 0
95.55; 0
95.65; 0
95.75; 0
95.85; 0
95.95; 0
96.05; 0
96.15; 0
96.25; 0
96.35; 0
96.45; 0
96.55; 0
96.65; 0
96.75; 0
96.85; 0
96.95; 0
97.05; 1
97.15; 0
97.25; 0
97.35; 1
97.45; 0
97.55; 1
97.65; 0
97.75; 0
97.85; 0
97.95; 0
98.05; 0
98.15; 0
98.25; 0
98.35; 0
98.45; 0
98.55; 1
98.65; 0
98.75; 0
98.85; 0
98.95; 0
99.05; 0
99.15; 0
99.25; 0
99.35; 1
99.45; 0
99.55; 0
99.65; 0
99.75; 0
99.85; 1
