0.025; 0
0.075; 0
0.125; 0
0.175; 0
0.225; 0
0.275; 0
0.325; 0
0.375; 0
0.425; 0
0.475; 0
0.525; 0
0.575; 4
0.625; 10
0.675; 32
0.725; 65
0.775; 60
0.825; 66
0.875; 43
0.925; 38
0.975; 24
1.025; 16
1.075; 10
1.125; 5
1.175; 7
1.225; 11
1.275; 4
1.325; 6
1.375; 11
1.425; 13
1.475; 37
1.525; 38
1.575; 42
1.625; 46
1.675; 57
1.725; 57
1.775; 61
1.825; 45
1.875; 52
1.925; 38
1.975; 49
2.025; 46
2.075; 38
2.125; 30
2.175; 28
2.225; 29
2.275; 28
2.325; 24
2.375; 36
2.425; 24
2.475; 16
2.525; 18
2.575; 12
2.625; 22
2.675; 15
2.725; 26
2.775; 76
2.825; 238
2.875; 596
2.925; 1090
2.975; 1892
3.025; 2672
3.075; 3332
3.125; 3852
3.175; 4292
3.225; 4402
3.275; 4318
3.325; 4306
3.375; 4004
3.425; 3791
3.475; 3341
3.525; 3094
3.575; 2758
3.625; 2413
3.675; 2114
3.725; 1931
3.775; 1741
3.825; 1498
3.875; 1306
3.925; 1174
3.975; 998
4.025; 891
4.075; 730
4.125; 672
4.175; 557
4.225; 514
4.275; 422
4.325; 357
4.375; 297
4.425; 249
4.475; 237
4.525; 188
4.575; 157
4.625; 146
4.675; 112
4.725; 99
4.775; 84
4.825; 88
4.875; 72
4.925; 60
4.975; 50
5.025; 48
5.075; 35
5.125; 35
5.175; 23
5.225; 33
5.275; 17
5.325; 16
5.375; 18
5.425; 7
5.475; 16
5.525; 12
5.575; 16
5.625; 11
5.675; 7
5.725; 11
5.775; 9
5.825; 3
5.875; 7
5.925; 3
5.975; 7
6.025; 6
6.075; 7
6.125; 4
6.175; 9
6.225; 4
6.275; 7
6.325; 9
6.375; 3
6.425; 5
6.475; 7
6.525; 3
6.575; 4
6.625; 4
6.675; 2
6.725; 4
6.775; 4
6.825; 2
6.875; 5
6.925; 3
6.975; 4
7.025; 3
7.075; 4
7.125; 5
7.175; 2
7.225; 3
7.275; 5
7.325; 4
7.375; 3
7.425; 4
7.475; 3
7.525; 1
7.575; 2
7.625; 3
7.675; 2
7.725; 1
7.775; 6
7.825; 1
7.875; 2
7.925; 5
7.975; 3
8.025; 4
8.075; 2
8.125; 2
8.175; 2
8.225; 2
8.275; 1
8.325; 4
8.375; 3
8.425; 8
8.475; 3
8.525; 3
8.575; 4
8.625; 2
8.675; 2
8.725; 3
8.775; 2
8.825; 3
8.875; 4
8.925; 1
8.975; 3
9.025; 0
9.075; 2
9.125; 2
9.175; 3
9.225; 2
9.275; 1
9.325; 1
9.375; 7
9.425; 5
9.475; 1
9.525; 2
9.575; 2
9.625; 2
9.675; 2
9.725; 2
9.775; 1
9.825; 2
9.875; 3
9.925; 1
9.975; 1
10.025; 0
10.075; 2
10.125; 2
10.175; 1
10.225; 1
10.275; 2
10.325; 2
10.375; 0
10.425; 2
10.475; 2
10.525; 0
10.575; 1
10.625; 2
10.675; 4
10.725; 2
10.775; 2
10.825; 3
10.875; 1
10.925; 2
10.975; 3
11.025; 1
11.075; 1
11.125; 2
11.175; 2
11.225; 0
11.275; 3
11.325; 0
11.375; 1
11.425; 2
11.475; 0
11.525; 1
11.575; 2
11.625; 1
11.675; 3
11.725; 2
11.775; 3
11.825; 1
11.875; 0
11.925; 1
11.975; 1
12.025; 3
12.075; 0
12.125; 0
12.175; 2
12.225; 0
12.275; 1
12.325; 2
12.375; 1
12.425; 3
12.475; 1
12.525; 2
12.575; 0
12.625; 1
12.675; 2
12.725; 3
12.775; 3
12.825; 0
12.875; 2
12.925; 1
12.975; 2
13.025; 0
13.075; 0
13.125; 1
13.175; 1
13.225; 1
13.275; 3
13.325; 0
13.375; 4
13.425; 2
13.475; 1
13.525; 4
13.575; 0
13.625; 1
13.675; 2
13.725; 0
13.775; 2
13.825; 0
13.875; 0
13.925; 2
13.975; 1
14.025; 1
14.075; 1
14.125; 1
14.175; 0
14.225; 3
14.275; 0
14.325; 0
14.375; 1
14.425; 1
14.475; 0
14.525; 2
14.575; 1
14.625; 1
14.675; 0
14.725; 2
14.775; 0
14.825; 1
14.875; 3
14.925; 1
14.975; 1
15.025; 1
15.075; 2
15.125; 2
15.175; 0
15.225; 0
15.275; 2
15.325; 2
15.375; 2
15.425; 0
15.475; 2
15.525; 2
15.575; 0
15.625; 0
15.675; 0
15.725; 3
15.775; 1
15.825; 1
15.875; 1
15.925; 2
15.975; 0
16.025; 4
16.075; 2
16.125; 0
16.175; 1
16.225; 1
16.275; 5
16.325; 1
16.375; 1
16.425; 2
16.475; 1
16.525; 2
16.575; 1
16.625; 1
16.675; 1
16.725; 1
16.775; 1
16.825; 0
16.875; 0
16.925; 1
16.975; 0
17.025; 3
17.075; 0
17.125; 1
17.175; 0
17.225; 0
17.275; 1
17.325; 1
17.375; 2
17.425; 0
17.475; 0
17.525; 0
17.575; 2
17.625; 0
17.675; 0
17.725; 0
17.775; 1
17.825; 1
17.875; 2
17.925; 2
17.975; 1
18.025; 2
18.075; 0
18.125; 0
18.175; 0
18.225; 1
18.275; 1
18.325; 1
18.375; 0
18.425; 1
18.475; 2
18.525; 1
18.575; 1
18.625; 1
18.675; 0
18.725; 2
18.775; 1
18.825; 0
18.875; 2
18.925; 0
18.975; 0
19.025; 2
19.075; 0
19.125; 0
19.175; 1
19.225; 0
19.275; 1
19.325; 0
19.375; 1
19.425; 0
19.475; 0
19.525; 0
19.575; 1
19.625; 2
19.675; 3
19.725; 0
19.775; 0
19.825; 2
19.875; 0
19.925; 0
19.975; 3
20.025; 1
20.075; 0
20.125; 0
20.175; 2
20.225; 1
20.275; 0
20.325; 2
20.375; 0
20.425; 1
20.475; 2
20.525; 1
20.575; 0
20.625; 1
20.675; 1
20.725; 0
20.775; 0
20.825; 1
20.875; 0
20.925; 0
20.975; 0
21.025; 2
21.075; 0
21.125; 0
21.175; 1
21.225; 1
21.275; 1
21.325; 0
21.375; 2
21.425; 0
21.475; 0
21.525; 1
21.575; 0
21.625; 0
21.675; 3
21.725; 2
21.775; 0
21.825; 0
21.875; 0
21.925; 0
21.975; 1
22.025; 0
22.075; 1
22.125; 1
22.175; 0
22.225; 0
22.275; 1
22.325; 2
22.375; 1
22.425; 2
22.475; 1
22.525; 1
22.575; 1
22.625; 0
22.675; 0
22.725; 0
22.775; 0
22.825; 0
22.875; 1
22.925; 0
22.975; 0
23.025; 2
23.075; 1
23.125; 0
23.175; 1
23.225; 0
23.275; 1
23.325; 0
23.375; 1
23.425; 0
23.475; 0
23.525; 2
23.575; 0
23.625; 0
23.675; 0
23.725; 0
23.775; 3
23.825; 0
23.875; 1
23.925; 0
23.975; 2
24.025; 1
24.075; 0
24.125; 0
24.175; 0
24.225; 1
24.275; 0
24.325; 1
24.375; 0
24.425; 1
24.475; 0
24.525; 1
24.575; 0
24.625; 0
24.675; 1
24.725; 0
24.775; 0
24.825; 0
24.875; 0
24.925; 1
24.975; 1
25.025; 0
25.075; 0
25.125; 0
25.175; 1
25.225; 0
25.275; 1
25.325; 0
25.375; 1
25.425; 0
25.475; 1
25.525; 0
25.575; 1
25.625; 1
25.675; 1
25.725; 0
25.775; 0
25.825; 0
25.875; 0
25.925; 2
25.975; 0
26.025; 1
26.075; 1
26.125; 0
26.175; 0
26.225; 1
26.275; 3
26.325; 0
26.375; 0
26.425; 0
26.475; 1
26.525; 1
26.575; 0
26.625; 1
26.675; 0
26.725; 0
26.775; 1
26.825; 0
26.875; 0
26.925; 0
26.975; 0
27.025; 1
27.075; 1
27.125; 0
27.175; 1
27.225; 0
27.275; 0
27.325; 0
27.375; 1
27.425; 0
27.475; 0
27.525; 2
27.575; 0
27.625; 0
27.675; 0
27.725; 1
27.775; 0
27.825; 1
27.875; 0
27.925; 0
27.975; 0
28.025; 0
28.075; 1
28.125; 0
28.175; 1
28.225; 0
28.275; 1
28.325; 0
28.375; 0
28.425; 0
28.475; 0
28.525; 1
28.575; 0
28.625; 0
28.675; 0
28.725; 2
28.775; 1
28.825; 1
28.875; 1
28.925; 0
28.975; 1
29.025; 0
29.075; 1
29.125; 1
29.175; 1
29.225; 0
29.275; 0
29.325; 0
29.375; 0
29.425; 1
29.475; 0
29.525; 0
29.575; 0
29.625; 1
29.675; 0
29.725; 0
29.775; 0
29.825; 0
29.875; 1
29.925; 0
29.975; 0
30.025; 0
30.075; 0
30.125; 0
30.175; 0
30.225; 0
30.275; 1
30.325; 0
30.375; 1
30.425; 0
30.475; 0
30.525; 0
30.575; 0
30.625; 1
30.675; 0
30.725; 0
30.775; 0
30.825; 0
30.875; 2
30.925; 0
30.975; 0
31.025; 0
31.075; 0
31.125; 0
31.175; 1
31.225; 0
31.275; 0
31.325; 0
31.375; 1
31.425; 0
31.475; 1
31.525; 1
31.575; 1
31.625; 0
31.675; 1
31.725; 1
31.775; 0
31.825; 0
31.875; 0
31.925; 1
31.975; 0
32.025; 0
32.075; 1
32.125; 1
32.175; 2
32.225; 0
32.275; 0
32.325; 0
32.375; 3
32.425; 0
32.475; 0
32.525; 1
32.575; 0
32.625; 0
32.675; 0
32.725; 0
32.775; 0
32.825; 0
32.875; 0
32.925; 0
32.975; 1
33.025; 1
33.075; 0
33.125; 0
33.175; 1
33.225; 0
33.275; 1
33.325; 0
33.375; 2
33.425; 0
33.475; 1
33.525; 0
33.575; 0
33.625; 0
33.675; 0
33.725; 1
33.775; 0
33.825; 0
33.875; 0
33.925; 1
33.975; 0
34.025; 3
34.075; 1
34.125; 0
34.175; 0
34.225; 0
34.275; 0
34.325; 0
34.375; 0
34.425; 1
34.475; 1
34.525; 0
34.575; 0
34.625; 0
34.675; 0
34.725; 0
34.775; 0
34.825; 1
34.875; 1
34.925; 1
34.975; 1
35.025; 0
35.075; 1
35.125; 0
35.175; 0
35.225; 0
35.275; 0
35.325; 0
35.375; 1
35.425; 0
35.475; 0
35.525; 1
35.575; 0
35.625; 1
35.675; 0
35.725; 0
35.775; 0
35.825; 0
35.875; 0
35.925; 0
35.975; 0
36.025; 1
36.075; 0
36.125; 0
36.175; 0
36.225; 0
36.275; 0
36.325; 0
36.375; 0
36.425; 0
36.475; 3
36.525; 1
36.575; 1
36.625; 0
36.675; 2
36.725; 0
36.775; 0
36.825; 1
36.875; 0
36.925; 0
36.975; 0
37.025; 0
37.075; 0
37.125; 0
37.175; 0
37.225; 0
37.275; 0
37.325; 0
37.375; 0
37.425; 0
37.475; 0
37.525; 0
37.575; 0
37.625; 0
37.675; 0
37.725; 0
37.775; 0
37.825; 1
37.875; 0
37.925; 0
37.975; 0
38.025; 1
38.075; 0
38.125; 0
38.175; 0
38.225; 0
38.275; 0
38.325; 0
38.375; 0
38.425; 0
38.475; 0
38.525; 0
38.575; 1
38.625; 0
38.675; 0
38.725; 1
38.775; 1
38.825; 2
38.875; 0
38.925; 0
38.975; 0
39.025; 2
39.075; 1
39.125; 0
39.175; 0
39.225; 0
39.275; 1
39.325; 0
39.375; 0
39.425; 0
39.475; 0
39.525; 0
39.575; 0
39.625; 0
39.675; 0
39.725; 0
39.775; 2
39.825; 0
39.875; 0
39.925; 0
39.975; 1
40.025; 0
40.075; 1
40.125; 1
40.175; 0
40.225; 0
40.275; 0
40.325; 0
40.375; 0
40.425; 0
40.475; 0
40.525; 1
40.575; 0
40.625; 1
40.675; 0
40.725; 0
40.775; 0
40.825; 0
40.875; 0
40.925; 0
40.975; 0
41.025; 0
41.075; 0
41.125; 1
41.175; 0
41.225; 0
41.275; 0
41.325; 0
41.375; 0
41.425; 0
41.475; 0
41.525; 1
41.575; 0
41.625; 0
41.675; 0
41.725; 0
41.775; 0
41.825; 0
41.875; 1
41.925; 0
41.975; 0
42.025; 0
42.075; 0
42.125; 0
42.175; 0
42.225; 0
42.275; 0
42.325; 1
42.375; 0
42.425; 0
42.475; 0
42.525; 0
42.575; 0
42.625; 0
42.675; 1
42.725; 0
42.775; 0
42.825; 1
42.875; 0
42.925; 0
42.975; 0
43.025; 0
43.075; 0
43.125; 0
43.175; 0
43.225; 0
43.275; 3
43.325; 1
43.375; 0
43.425; 1
43.475; 1
43.525; 0
43.575; 0
43.625; 0
43.675; 0
43.725; 1
43.775; 0
43.825; 0
43.875; 0
43.925; 0
43.975; 0
44.025; 0
44.075; 1
44.125; 0
44.175; 1
44.225; 0
44.275; 0
44.325; 0
44.375; 0
44.425; 0
44.475; 0
44.525; 0
44.575; 0
44.625; 0
44.675; 1
44.725; 0
44.775; 0
44.825; 0
44.875; 0
44.925; 0
44.975; 0
45.025; 1
45.075; 0
45.125; 0
45.175; 1
45.225; 1
45.275; 0
45.325; 0
45.375; 0
45.425; 1
45.475; 0
45.525; 0
45.575; 0
45.625; 0
45.675; 0
45.725; 1
45.775; 0
45.825; 0
45.875; 0
45.925; 0
45.975; 1
46.025; 0
46.075; 0
46.125; 0
46.175; 0
46.225; 0
46.275; 0
46.325; 0
46.375; 0
46.425; 0
46.475; 0
46.525; 1
46.575; 1
46.625; 0
46.675; 0
46.725; 0
46.775; 0
46.825; 0
46.875; 0
46.925; 0
46.975; 0
47.025; 0
47.075; 1
47.125; 0
47.175; 0
47.225; 0
47.275; 1
47.325; 0
47.375; 0
47.425; 0
47.475; 0
47.525; 0
47.575; 0
47.625; 0
47.675; 0
47.725; 1
47.775; 0
47.825; 0
47.875; 0
47.925; 0
47.975; 0
48.025; 0
48.075; 2
48.125; 0
48.175; 0
48.225; 0
48.275; 0
48.325; 0
48.375; 0
48.425; 0
48.475; 0
48.525; 0
48.575; 0
48.625; 0
48.675; 0
48.725; 1
48.775; 0
48.825; 0
48.875; 0
48.925; 0
48.975; 0
49.025; 0
49.075; 0
49.125; 0
49.175; 1
49.225; 0
49.275; 0
49.325; 0
49.375; 0
49.425; 1
49.475; 0
49.525; 0
49.575; 0
49.625; 0
49.675; 0
49.725; 0
49.775; 1
49.825; 1
49.875; 0
49.925; 0
