0.05; 63
0.15; 44
0.25; 46
0.35; 49
0.45; 50
0.55; 79
0.65; 377
0.75; 1536
0.85; 1821
0.95; 1352
1.05; 998
1.15; 736
1.25; 563
1.35; 447
1.45; 431
1.55; 580
1.65; 721
1.75; 759
1.85; 762
1.95; 679
2.05; 572
2.15; 517
2.25; 407
2.35; 359
2.45; 331
2.55; 285
2.65; 257
2.75; 219
2.85; 251
2.95; 369
3.05; 1289
3.15; 3562
3.25; 6449
3.35; 8476
3.45; 9096
3.55; 8609
3.65; 7675
3.75; 6271
3.85; 4964
3.95; 4147
4.05; 3054
4.15; 2359
4.25; 1878
4.35; 1342
4.45; 1045
4.55; 779
4.65; 609
4.75; 404
4.85; 333
4.95; 249
5.05; 207
5.15; 138
5.25; 147
5.35; 114
5.45; 90
5.55; 75
5.65; 95
5.75; 70
5.85; 64
5.95; 64
6.05; 55
6.15; 60
6.25; 48
6.35; 52
6.45; 52
6.55; 53
6.65; 32
6.75; 33
6.85; 40
6.95; 47
7.05; 38
7.15; 32
7.25; 31
7.35; 34
7.45; 28
7.55; 33
7.65; 26
7.75; 25
7.85; 33
7.95; 23
8.05; 23
8.15; 33
8.25; 28
8.35; 28
8.45; 24
8.55; 28
8.65; 20
8.75; 23
8.85; 29
8.95; 21
9.05; 27
9.15; 26
9.25; 22
9.35; 29
9.45; 19
9.55; 17
9.65; 21
9.75; 31
9.85; 21
9.95; 12
10.05; 16
10.15; 11
10.25; 20
10.35; 14
10.45; 17
10.55; 14
10.65; 12
10.75; 11
10.85; 17
10.95; 11
11.05; 15
11.15; 16
11.25; 19
11.35; 11
11.45; 9
11.55; 10
11.65; 13
11.75; 23
11.85; 11
11.95; 11
12.05; 12
12.15; 16
12.25; 21
12.35; 18
12.45; 7
12.55; 9
12.65; 10
12.75; 10
12.85; 6
12.95; 9
13.05; 17
13.15; 11
13.25; 15
13.35; 11
13.45; 11
13.55; 8
13.65; 10
13.75; 5
13.85; 12
13.95; 13
14.05; 19
14.15; 10
14.25; 12
14.35; 12
14.45; 9
14.55; 14
14.65; 18
14.75; 12
14.85; 14
14.95; 17
15.05; 12
15.15; 9
15.25; 8
15.35; 8
15.45; 3
15.55; 7
15.65; 16
15.75; 10
15.85; 4
15.95; 10
16.05; 9
16.15; 7
16.25; 11
16.35; 5
16.45; 7
16.55; 4
16.65; 12
16.75; 6
16.85; 8
16.95; 10
17.05; 6
17.15; 2
17.25; 5
17.35; 8
17.45; 8
17.55; 4
17.65; 9
17.75; 11
17.85; 10
17.95; 5
18.05; 9
18.15; 10
18.25; 10
18.35; 6
18.45; 6
18.55; 9
18.65; 5
18.75; 3
18.85; 4
18.95; 5
19.05; 9
19.15; 5
19.25; 9
19.35; 9
19.45; 3
19.55; 10
19.65; 5
19.75; 10
19.85; 2
19.95; 6
20.05; 6
20.15; 8
20.25; 5
20.35; 0
20.45; 8
20.55; 5
20.65; 7
20.75; 6
20.85; 3
20.95; 8
21.05; 5
21.15; 5
21.25; 7
21.35; 2
21.45; 6
21.55; 2
21.65; 4
21.75; 7
21.85; 6
21.95; 1
22.05; 5
22.15; 6
22.25; 2
22.35; 3
22.45; 5
22.55; 7
22.65; 3
22.75; 1
22.85; 8
22.95; 2
23.05; 6
23.15; 6
23.25; 1
23.35; 2
23.45; 5
23.55; 4
23.65; 3
23.75; 5
23.85; 3
23.95; 3
24.05; 3
24.15; 2
24.25; 5
24.35; 2
24.45; 4
24.55; 7
24.65; 0
24.75; 4
24.85; 4
24.95; 3
25.05; 1
25.15; 6
25.25; 7
25.35; 5
25.45; 2
25.55; 2
25.65; 7
25.75; 2
25.85; 3
25.95; 4
26.05; 1
26.15; 2
26.25; 3
26.35; 7
26.45; 2
26.55; 1
26.65; 4
26.75; 2
26.85; 3
26.95; 2
27.05; 2
27.15; 4
27.25; 4
27.35; 2
27.45; 4
27.55; 2
27.65; 3
27.75; 4
27.85; 2
27.95; 2
28.05; 1
28.15; 2
28.25; 6
28.35; 3
28.45; 2
28.55; 1
28.65; 2
28.75; 1
28.85; 6
28.95; 0
29.05; 3
29.15; 3
29.25; 0
29.35; 1
29.45; 2
29.55; 3
29.65; 5
29.75; 3
29.85; 1
29.95; 5
30.05; 2
30.15; 1
30.25; 6
30.35; 5
30.45; 3
30.55; 0
30.65; 2
30.75; 2
30.85; 3
30.95; 5
31.05; 1
31.15; 2
31.25; 0
31.35; 2
31.45; 2
31.55; 4
31.65; 4
31.75; 2
31.85; 6
31.95; 4
32.05; 3
32.15; 2
32.25; 2
32.35; 2
32.45; 1
32.55; 3
32.65; 3
32.75; 2
32.85; 1
32.95; 1
33.05; 3
33.15; 0
33.25; 1
33.35; 0
33.45; 7
33.55; 5
33.65; 4
33.75; 2
33.85; 3
33.95; 4
34.05; 4
34.15; 2
34.25; 1
34.35; 2
34.45; 2
34.55; 3
34.65; 3
34.75; 2
34.85; 2
34.95; 1
35.05; 2
35.15; 2
35.25; 1
35.35; 2
35.45; 3
35.55; 2
35.65; 1
35.75; 1
35.85; 5
35.95; 1
36.05; 1
36.15; 2
36.25; 0
36.35; 5
36.45; 2
36.55; 1
36.65; 1
36.75; 1
36.85; 2
36.95; 3
37.05; 1
37.15; 2
37.25; 1
37.35; 0
37.45; 2
37.55; 1
37.65; 3
37.75; 0
37.85; 3
37.95; 2
38.05; 0
38.15; 0
38.25; 1
38.35; 2
38.45; 2
38.55; 1
38.65; 2
38.75; 1
38.85; 2
38.95; 1
39.05; 1
39.15; 0
39.25; 3
39.35; 3
39.45; 1
39.55; 1
39.65; 4
39.75; 0
39.85; 1
39.95; 1
40.05; 1
40.15; 2
40.25; 3
40.35; 1
40.45; 2
40.55; 2
40.65; 2
40.75; 1
40.85; 0
40.95; 3
41.05; 2
41.15; 2
41.25; 1
41.35; 1
41.45; 1
41.55; 2
41.65; 1
41.75; 0
41.85; 2
41.95; 2
42.05; 2
42.15; 0
42.25; 0
42.35; 2
42.45; 1
42.55; 0
42.65; 1
42.75; 3
42.85; 4
42.95; 5
43.05; 2
43.15; 2
43.25; 1
43.35; 1
43.45; 3
43.55; 1
43.65; 1
43.75; 2
43.85; 0
43.95; 1
44.05; 1
44.15; 2
44.25; 0
44.35; 0
44.45; 3
44.55; 0
44.65; 0
44.75; 3
44.85; 0
44.95; 2
45.05; 3
45.15; 0
45.25; 0
45.35; 3
45.45; 2
45.55; 1
45.65; 0
45.75; 5
45.85; 1
45.95; 0
46.05; 1
46.15; 2
46.25; 1
46.35; 1
46.45; 1
46.55; 1
46.65; 0
46.75; 0
46.85; 0
46.95; 3
47.05; 2
47.15; 0
47.25; 0
47.35; 0
47.45; 0
47.55; 1
47.65; 0
47.75; 2
47.85; 4
47.95; 0
48.05; 1
48.15; 0
48.25; 0
48.35; 2
48.45; 1
48.55; 1
48.65; 1
48.75; 2
48.85; 0
48.95; 0
49.05; 1
49.15; 2
49.25; 0
49.35; 0
49.45; 1
49.55; 3
49.65; 0
49.75; 0
49.85; 0
49.95; 1
50.05; 1
50.15; 2
50.25; 3
50.35; 1
50.45; 1
50.55; 0
50.65; 0
50.75; 2
50.85; 3
50.95; 0
51.05; 1
51.15; 1
51.25; 1
51.35; 1
51.45; 1
51.55; 1
51.65; 0
51.75; 1
51.85; 3
51.95; 1
52.05; 0
52.15; 1
52.25; 1
52.35; 0
52.45; 0
52.55; 1
52.65; 0
52.75; 2
52.85; 0
52.95; 1
53.05; 0
53.15; 0
53.25; 0
53.35; 0
53.45; 3
53.55; 1
53.65; 1
53.75; 0
53.85; 0
53.95; 0
54.05; 0
54.15; 0
54.25; 1
54.35; 0
54.45; 1
54.55; 0
54.65; 0
54.75; 1
54.85; 1
54.95; 0
55.05; 0
55.15; 1
55.25; 1
55.35; 1
55.45; 0
55.55; 0
55.65; 0
55.75; 0
55.85; 0
55.95; 0
56.05; 2
56.15; 2
56.25; 0
56.35; 0
56.45; 3
56.55; 0
56.65; 1
56.75; 2
56.85; 1
56.95; 0
57.05; 0
57.15; 2
57.25; 2
57.35; 0
57.45; 0
57.55; 1
57.65; 0
57.75; 1
57.85; 0
57.95; 1
58.05; 0
58.15; 0
58.25; 1
58.35; 2
58.45; 0
58.55; 0
58.65; 1
58.75; 0
58.85; 0
58.95; 0
59.05; 1
59.15; 2
59.25; 1
59.35; 0
59.45; 0
59.55; 0
59.65; 0
59.75; 0
59.85; 0
59.95; 1
60.05; 0
60.15; 1
60.25; 1
60.35; 0
60.45; 0
60.55; 0
60.65; 1
60.75; 1
60.85; 1
60.95; 0
61.05; 0
61.15; 2
61.25; 1
61.35; 1
61.45; 1
61.55; 0
61.65; 0
61.75; 0
61.85; 1
61.95; 2
62.05; 0
62.15; 0
62.25; 1
62.35; 1
62.45; 1
62.55; 0
62.65; 0
62.75; 1
62.85; 0
62.95; 0
63.05; 0
63.15; 0
63.25; 1
63.35; 2
63.45; 1
63.55; 0
63.65; 2
63.75; 0
63.85; 0
63.95; 0
64.05; 1
64.15; 0
64.25; 0
64.35; 0
64.45; 0
64.55; 0
64.65; 1
64.75; 1
64.85; 0
64.95; 0
65.05; 0
65.15; 0
65.25; 0
65.35; 2
65.45; 0
65.55; 0
65.65; 0
65.75; 0
65.85; 0
65.95; 0
66.05; 0
66.15; 0
66.25; 0
66.35; 0
66.45; 1
66.55; 1
66.65; 0
66.75; 0
66.85; 0
66.95; 0
67.05; 1
67.15; 0
67.25; 1
67.35; 0
67.45; 0
67.55; 0
67.65; 0
67.75; 0
67.85; 0
67.95; 0
68.05; 0
68.15; 1
68.25; 0
68.35; 0
68.45; 0
68.55; 1
68.65; 0
68.75; 0
68.85; 0
68.95; 0
69.05; 0
69.15; 0
69.25; 0
69.35; 0
69.45; 0
69.55; 2
69.65; 1
69.75; 0
69.85; 0
69.95; 0
70.05; 1
70.15; 0
70.25; 0
70.35; 0
70.45; 1
70.55; 0
70.65; 0
70.75; 1
70.85; 1
70.95; 0
71.05; 0
71.15; 0
71.25; 0
71.35; 2
71.45; 0
71.55; 0
71.65; 0
71.75; 1
71.85; 1
71.95; 0
72.05; 0
72.15; 1
72.25; 0
72.35; 1
72.45; 1
72.55; 0
72.65; 1
72.75; 0
72.85; 1
72.95; 1
73.05; 0
73.15; 0
73.25; 0
73.35; 0
73.45; 0
73.55; 0
73.65; 0
73.75; 0
73.85; 0
73.95; 1
74.05; 0
74.15; 0
74.25; 1
74.35; 2
74.45; 0
74.55; 0
74.65; 0
74.75; 0
74.85; 1
74.95; 0
75.05; 0
75.15; 0
75.25; 0
75.35; 0
75.45; 1
75.55; 1
75.65; 0
75.75; 0
75.85; 0
75.95; 0
76.05; 0
76.15; 0
76.25; 0
76.35; 0
76.45; 0
76.55; 1
76.65; 0
76.75; 0
76.85; 0
76.95; 1
77.05; 0
77.15; 0
77.25; 1
77.35; 0
77.45; 0
77.55; 1
77.65; 0
77.75; 1
77.85; 2
77.95; 0
78.05; 0
78.15; 0
78.25; 0
78.35; 1
78.45; 0
78.55; 0
78.65; 2
78.75; 0
78.85; 0
78.95; 0
79.05; 0
79.15; 0
79.25; 0
79.35; 0
79.45; 0
79.55; 0
79.65; 0
79.75; 0
79.85; 0
79.95; 0
80.05; 0
80.15; 0
80.25; 1
80.35; 0
80.45; 0
80.55; 0
80.65; 0
80.75; 0
80.85; 0
80.95; 1
81.05; 0
81.15; 0
81.25; 2
81.35; 0
81.45; 0
81.55; 1
81.65; 0
81.75; 0
81.85; 0
81.95; 0
82.05; 0
82.15; 0
82.25; 0
82.35; 0
82.45; 0
82.55; 1
82.65; 0
82.75; 0
82.85; 0
82.95; 0
83.05; 0
83.15; 0
83.25; 0
83.35; 0
83.45; 0
83.55; 0
83.65; 0
83.75; 0
83.85; 1
83.95; 0
84.05; 0
84.15; 0
84.25; 0
84.35; 0
84.45; 0
84.55; 0
84.65; 0
84.75; 0
84.85; 0
84.95; 0
85.05; 1
85.15; 0
85.25; 0
85.35; 0
85.45; 0
85.55; 0
85.65; 0
85.75; 1
85.85; 0
85.95; 0
86.05; 0
86.15; 0
86.25; 0
86.35; 0
86.45; 0
86.55; 0
86.65; 1
86.75; 0
86.85; 0
86.95; 0
87.05; 1
87.15; 0
87.25; 0
87.35; 0
87.45; 0
87.55; 0
87.65; 0
87.75; 0
87.85; 0
87.95; 0
88.05; 0
88.15; 0
88.25; 0
88.35; 0
88.45; 0
88.55; 0
88.65; 0
88.75; 0
88.85; 0
88.95; 0
89.05; 1
89.15; 0
89.25; 0
89.35; 0
89.45; 1
89.55; 0
89.65; 0
89.75; 0
89.85; 0
89.95; 1
90.05; 0
90.15; 0
90.25; 0
90.35; 0
90.45; 0
90.55; 0
90.65; 1
90.75; 0
90.85; 0
90.95; 0
91.05; 0
91.15; 0
91.25; 0
91.35; 0
91.45; 0
91.55; 0
91.65; 0
91.75; 0
91.85; 1
91.95; 0
92.05; 0
92.15; 0
92.25; 0
92.35; 0
92.45; 0
92.55; 0
92.65; 0
92.75; 0
92.85; 0
92.95; 0
93.05; 0
93.15; 0
93.25; 0
93.35; 0
93.45; 0
93.55; 0
93.65; 1
93.75; 0
93.85; 0
93.95; 0
94.05; 0
94.15; 0
94.25; 0
94.35; 0
94.45; 0
94.55; 0
94.65; 0
94.75; 0
94.85; 0
94.95; 0
95.05; 0
95.15; 0
95.25; 0
95.35; 0
95.45; 0
95.55; 0
95.65; 0
95.75; 0
95.85; 0
95.95; 0
96.05; 0
96.15; 0
96.25; 0
96.35; 0
96.45; 0
96.55; 0
96.65; 0
96.75; 0
96.85; 0
96.95; 1
97.05; 0
97.15; 1
97.25; 0
97.35; 0
97.45; 0
97.55; 1
97.65; 0
97.75; 0
97.85; 0
97.95; 0
98.05; 0
98.15; 1
98.25; 0
98.35; 0
98.45; 0
98.55; 0
98.65; 0
98.75; 0
98.85; 0
98.95; 0
99.05; 0
99.15; 0
99.25; 0
99.35; 0
99.45; 0
99.55; 0
99.65; 0
99.75; 0
99.85; 0
