0.025; 578
0.075; 557
0.125; 598
0.175; 556
0.225; 562
0.275; 525
0.325; 520
0.375; 519
0.425; 523
0.475; 524
0.525; 589
0.575; 693
0.625; 777
0.675; 873
0.725; 1024
0.775; 1177
0.825; 1205
0.875; 1311
0.925; 1361
0.975; 1457
1.025; 1462
1.075; 1582
1.125; 1538
1.175; 1632
1.225; 1666
1.275; 1707
1.325; 1626
1.375; 1666
1.425; 1618
1.475; 1642
1.525; 1702
1.575; 1619
1.625; 1622
1.675; 1687
1.725; 1710
1.775; 1595
1.825; 1552
1.875; 1515
1.925; 1507
1.975; 1416
2.025; 1386
2.075; 1394
2.125; 1291
2.175; 1222
2.225; 1125
2.275; 1077
2.325; 989
2.375; 930
2.425; 876
2.475; 804
2.525; 782
2.575; 703
2.625; 706
2.675; 635
2.725; 604
2.775; 540
2.825; 532
2.875; 518
2.925; 432
2.975; 421
3.025; 436
3.075; 386
3.125; 382
3.175; 357
3.225; 373
3.275; 337
3.325; 303
3.375; 328
3.425; 288
3.475; 308
3.525; 300
3.575; 306
3.625; 268
3.675; 271
3.725; 272
3.775; 235
3.825; 217
3.875; 221
3.925; 228
3.975; 233
4.025; 220
4.075; 224
4.125; 196
4.175; 225
4.225; 186
4.275; 159
4.325; 189
4.375; 177
4.425; 168
4.475; 148
4.525; 159
4.575; 157
4.625; 155
4.675; 162
4.725; 133
4.775; 155
4.825; 150
4.875; 134
4.925; 152
4.975; 118
5.025; 136
5.075; 116
5.125; 128
5.175; 128
5.225; 120
5.275; 128
5.325; 103
5.375; 113
5.425; 108
5.475; 110
5.525; 108
5.575; 96
5.625; 88
5.675; 99
5.725; 99
5.775; 92
5.825; 85
5.875; 88
5.925; 75
5.975; 73
6.025; 64
6.075; 88
6.125; 79
6.175; 68
6.225; 67
6.275; 73
6.325; 65
6.375; 68
6.425; 55
6.475; 65
6.525; 55
6.575; 65
6.625; 63
6.675; 62
6.725; 59
6.775; 72
6.825; 62
6.875; 50
6.925; 49
6.975; 57
7.025; 53
7.075; 57
7.125; 54
7.175; 50
7.225; 47
7.275; 50
7.325; 57
7.375; 54
7.425; 50
7.475; 39
7.525; 52
7.575; 45
7.625; 25
7.675; 40
7.725; 34
7.775; 45
7.825; 44
7.875; 32
7.925; 51
7.975; 24
8.025; 34
8.075; 40
8.125; 32
8.175; 43
8.225; 44
8.275; 31
8.325; 32
8.375; 30
8.425; 30
8.475; 43
8.525; 40
8.575; 44
8.625; 26
8.675; 31
8.725; 27
8.775; 33
8.825; 21
8.875; 28
8.925; 26
8.975; 29
9.025; 30
9.075; 25
9.125; 33
9.175; 31
9.225; 27
9.275; 27
9.325; 16
9.375; 27
9.425; 29
9.475; 19
9.525; 29
9.575; 30
9.625; 26
9.675; 20
9.725; 18
9.775; 24
9.825; 12
9.875; 19
9.925; 22
9.975; 24
10.025; 18
10.075; 28
10.125; 21
10.175; 26
10.225; 25
10.275; 24
10.325; 16
10.375; 15
10.425; 24
10.475; 19
10.525; 13
10.575; 16
10.625; 18
10.675; 23
10.725; 21
10.775; 14
10.825; 22
10.875; 20
10.925; 17
10.975; 25
11.025; 17
11.075; 17
11.125; 20
11.175; 12
11.225; 17
11.275; 18
11.325; 16
11.375; 17
11.425; 12
11.475; 13
11.525; 17
11.575; 15
11.625; 16
11.675; 16
11.725; 14
11.775; 13
11.825; 21
11.875; 13
11.925; 17
11.975; 11
12.025; 14
12.075; 10
12.125; 20
12.175; 17
12.225; 20
12.275; 12
12.325; 12
12.375; 9
12.425; 16
12.475; 10
12.525; 10
12.575; 15
12.625; 19
12.675; 14
12.725; 16
12.775; 15
12.825; 14
12.875; 18
12.925; 10
12.975; 14
13.025; 26
13.075; 11
13.125; 13
13.175; 20
13.225; 13
13.275; 16
13.325; 10
13.375; 15
13.425; 5
13.475; 15
13.525; 13
13.575; 12
13.625; 14
13.675; 13
13.725; 13
13.775; 16
13.825; 11
13.875; 13
13.925; 11
13.975; 14
14.025; 6
14.075; 6
14.125; 10
14.175; 17
14.225; 15
14.275; 10
14.325; 8
14.375; 10
14.425; 10
14.475; 7
14.525; 15
14.575; 13
14.625; 10
14.675; 12
14.725; 10
14.775; 16
14.825; 16
14.875; 12
14.925; 7
14.975; 15
15.025; 16
15.075; 10
15.125; 4
15.175; 19
15.225; 8
15.275; 9
15.325; 11
15.375; 6
15.425; 8
15.475; 10
15.525; 7
15.575; 11
15.625; 14
15.675; 9
15.725; 5
15.775; 11
15.825; 12
15.875; 6
15.925; 13
15.975; 11
16.025; 9
16.075; 12
16.125; 12
16.175; 11
16.225; 9
16.275; 12
16.325; 13
16.375; 8
16.425; 8
16.475; 11
16.525; 11
16.575; 7
16.625; 8
16.675; 7
16.725; 10
16.775; 5
16.825; 9
16.875; 5
16.925; 8
16.975; 6
17.025; 11
17.075; 10
17.125; 8
17.175; 9
17.225; 8
17.275; 8
17.325; 9
17.375; 8
17.425; 5
17.475; 6
17.525; 8
17.575; 8
17.625; 8
17.675; 7
17.725; 8
17.775; 6
17.825; 2
17.875; 5
17.925; 2
17.975; 7
18.025; 5
18.075; 6
18.125; 6
18.175; 5
18.225; 5
18.275; 8
18.325; 8
18.375; 1
18.425; 7
18.475; 8
18.525; 4
18.575; 7
18.625; 5
18.675; 3
18.725; 3
18.775; 6
18.825; 2
18.875; 1
18.925; 2
18.975; 4
19.025; 5
19.075; 3
19.125; 2
19.175; 2
19.225; 4
19.275; 1
19.325; 1
19.375; 4
19.425; 4
19.475; 3
19.525; 2
19.575; 3
19.625; 2
19.675; 3
19.725; 1
19.775; 1
19.825; 6
19.875; 0
19.925; 1
19.975; 5
20.025; 2
20.075; 2
20.125; 5
20.175; 2
20.225; 3
20.275; 4
20.325; 4
20.375; 3
20.425; 1
20.475; 1
20.525; 0
20.575; 2
20.625; 1
20.675; 1
20.725; 1
20.775; 4
20.825; 0
20.875; 2
20.925; 1
20.975; 2
21.025; 1
21.075; 3
21.125; 2
21.175; 1
21.225; 0
21.275; 0
21.325; 3
21.375; 0
21.425; 0
21.475; 0
21.525; 1
21.575; 1
21.625; 1
21.675; 1
21.725; 0
21.775; 3
21.825; 1
21.875; 0
21.925; 0
21.975; 1
22.025; 1
22.075; 2
22.125; 1
22.175; 1
22.225; 1
22.275; 0
22.325; 2
22.375; 0
22.425; 1
22.475; 1
22.525; 0
22.575; 2
22.625; 0
22.675; 1
22.725; 0
22.775; 2
22.825; 1
22.875; 1
22.925; 0
22.975; 0
23.025; 0
23.075; 1
23.125; 0
23.175; 1
23.225; 2
23.275; 0
23.325; 2
23.375; 0
23.425; 0
23.475; 0
23.525; 1
23.575; 1
23.625; 0
23.675; 0
23.725; 1
23.775; 0
23.825; 1
23.875; 1
23.925; 1
23.975; 0
24.025; 0
24.075; 0
24.125; 2
24.175; 1
24.225; 1
24.275; 1
24.325; 1
24.375; 1
24.425; 0
24.475; 2
24.525; 0
24.575; 0
24.625; 1
24.675; 1
24.725; 2
24.775; 0
24.825; 1
24.875; 0
24.925; 0
24.975; 0
25.025; 1
25.075; 1
25.125; 1
25.175; 0
25.225; 1
25.275; 0
25.325; 0
25.375; 1
25.425; 1
25.475; 0
25.525; 1
25.575; 0
25.625; 0
25.675; 1
25.725; 0
25.775; 1
25.825; 1
25.875; 0
25.925; 2
25.975; 1
26.025; 1
26.075; 1
26.125; 0
26.175; 0
26.225; 1
26.275; 0
26.325; 1
26.375; 2
26.425; 1
26.475; 0
26.525; 0
26.575; 2
26.625; 1
26.675; 0
26.725; 0
26.775; 0
26.825; 0
26.875; 2
26.925; 0
26.975; 0
27.025; 0
27.075; 0
27.125; 2
27.175; 0
27.225; 0
27.275; 0
27.325; 0
27.375; 1
27.425; 0
27.475; 1
27.525; 0
27.575; 0
27.625; 0
27.675; 0
27.725; 0
27.775; 2
27.825; 0
27.875; 0
27.925; 0
27.975; 0
28.025; 0
28.075; 0
28.125; 0
28.175; 0
28.225; 0
28.275; 1
28.325; 0
28.375; 0
28.425; 0
28.475; 0
28.525; 0
28.575; 0
28.625; 0
28.675; 0
28.725; 0
28.775; 0
28.825; 0
28.875; 1
28.925; 0
28.975; 0
29.025; 0
29.075; 1
29.125; 1
29.175; 1
29.225; 0
29.275; 2
29.325; 1
29.375; 1
29.425; 0
29.475; 1
29.525; 0
29.575; 2
29.625; 0
29.675; 1
29.725; 0
29.775; 0
29.825; 1
29.875; 0
29.925; 1
29.975; 0
30.025; 0
30.075; 0
30.125; 0
30.175; 0
30.225; 0
30.275; 0
30.325; 0
30.375; 0
30.425; 0
30.475; 0
30.525; 1
30.575; 1
30.625; 0
30.675; 1
30.725; 0
30.775; 0
30.825; 1
30.875; 2
30.925; 0
30.975; 0
31.025; 0
31.075; 0
31.125; 0
31.175; 0
31.225; 0
31.275; 0
31.325; 0
31.375; 0
31.425; 0
31.475; 0
31.525; 0
31.575; 0
31.625; 0
31.675; 0
31.725; 0
31.775; 0
31.825; 0
31.875; 0
31.925; 0
31.975; 0
32.025; 0
32.075; 0
32.125; 0
32.175; 0
32.225; 0
32.275; 0
32.325; 0
32.375; 0
32.425; 0
32.475; 0
32.525; 1
32.575; 0
32.625; 0
32.675; 0
32.725; 1
32.775; 2
32.825; 1
32.875; 0
32.925; 1
32.975; 0
33.025; 1
33.075; 0
33.125; 0
33.175; 1
33.225; 0
33.275; 1
33.325; 0
33.375; 0
33.425; 0
33.475; 0
33.525; 0
33.575; 0
33.625; 0
33.675; 1
33.725; 0
33.775; 1
33.825; 0
33.875; 0
33.925; 0
33.975; 1
34.025; 0
34.075; 0
34.125; 0
34.175; 0
34.225; 0
34.275; 0
34.325; 0
34.375; 2
34.425; 1
34.475; 0
34.525; 0
34.575; 0
34.625; 0
34.675; 1
34.725; 0
34.775; 0
34.825; 0
34.875; 0
34.925; 0
34.975; 0
35.025; 0
35.075; 0
35.125; 0
35.175; 0
35.225; 0
35.275; 0
35.325; 1
35.375; 0
35.425; 0
35.475; 0
35.525; 1
35.575; 0
35.625; 1
35.675; 0
35.725; 1
35.775; 0
35.825; 0
35.875; 1
35.925; 0
35.975; 0
36.025; 0
36.075; 0
36.125; 0
36.175; 0
36.225; 0
36.275; 0
36.325; 0
36.375; 0
36.425; 0
36.475; 0
36.525; 0
36.575; 1
36.625; 0
36.675; 0
36.725; 0
36.775; 0
36.825; 0
36.875; 0
36.925; 0
36.975; 0
37.025; 0
37.075; 1
37.125; 0
37.175; 0
37.225; 0
37.275; 0
37.325; 0
37.375; 1
37.425; 0
37.475; 0
37.525; 0
37.575; 0
37.625; 0
37.675; 0
37.725; 0
37.775; 1
37.825; 1
37.875; 0
37.925; 1
37.975; 0
38.025; 1
38.075; 0
38.125; 0
38.175; 0
38.225; 2
38.275; 0
38.325; 0
38.375; 0
38.425; 0
38.475; 0
38.525; 0
38.575; 0
38.625; 0
38.675; 0
38.725; 0
38.775; 1
38.825; 0
38.875; 0
38.925; 0
38.975; 0
39.025; 0
39.075; 0
39.125; 0
39.175; 0
39.225; 0
39.275; 0
39.325; 0
39.375; 0
39.425; 0
39.475; 0
39.525; 0
39.575; 0
39.625; 0
39.675; 0
39.725; 0
39.775; 0
39.825; 0
39.875; 0
39.925; 0
39.975; 0
40.025; 0
40.075; 0
40.125; 0
40.175; 0
40.225; 0
40.275; 0
40.325; 0
40.375; 1
40.425; 0
40.475; 0
40.525; 0
40.575; 0
40.625; 0
40.675; 0
40.725; 0
40.775; 0
40.825; 0
40.875; 0
40.925; 0
40.975; 0
41.025; 0
41.075; 1
41.125; 0
41.175; 0
41.225; 0
41.275; 0
41.325; 0
41.375; 0
41.425; 0
41.475; 0
41.525; 0
41.575; 0
41.625; 0
41.675; 0
41.725; 0
41.775; 0
41.825; 0
41.875; 0
41.925; 0
41.975; 0
42.025; 0
42.075; 0
42.125; 0
42.175; 0
42.225; 0
42.275; 0
42.325; 0
42.375; 0
42.425; 0
42.475; 0
42.525; 0
42.575; 0
42.625; 0
42.675; 0
42.725; 0
42.775; 0
42.825; 0
42.875; 2
42.925; 0
42.975; 0
43.025; 0
43.075; 0
43.125; 0
43.175; 0
43.225; 0
43.275; 0
43.325; 0
43.375; 0
43.425; 0
43.475; 0
43.525; 0
43.575; 0
43.625; 0
43.675; 0
43.725; 0
43.775; 0
43.825; 0
43.875; 0
43.925; 0
43.975; 0
44.025; 0
44.075; 0
44.125; 0
44.175; 0
44.225; 0
44.275; 0
44.325; 0
44.375; 0
44.425; 1
44.475; 0
44.525; 0
44.575; 0
44.625; 0
44.675; 0
44.725; 0
44.775; 0
44.825; 0
44.875; 0
44.925; 0
44.975; 0
45.025; 0
45.075; 0
45.125; 0
45.175; 0
45.225; 0
45.275; 0
45.325; 0
45.375; 0
45.425; 0
45.475; 0
45.525; 0
45.575; 0
45.625; 0
45.675; 0
45.725; 0
45.775; 0
45.825; 0
45.875; 0
45.925; 1
45.975; 0
46.025; 0
46.075; 0
46.125; 0
46.175; 0
46.225; 0
46.275; 0
46.325; 0
46.375; 0
46.425; 0
46.475; 1
46.525; 0
46.575; 0
46.625; 0
46.675; 0
46.725; 0
46.775; 0
46.825; 0
46.875; 0
46.925; 0
46.975; 0
47.025; 0
47.075; 0
47.125; 0
47.175; 1
47.225; 0
47.275; 0
47.325; 0
47.375; 0
47.425; 0
47.475; 0
47.525; 0
47.575; 0
47.625; 0
47.675; 0
47.725; 0
47.775; 0
47.825; 0
47.875; 0
47.925; 0
47.975; 0
48.025; 0
48.075; 0
48.125; 0
48.175; 0
48.225; 0
48.275; 0
48.325; 0
48.375; 0
48.425; 0
48.475; 0
48.525; 0
48.575; 0
48.625; 0
48.675; 0
48.725; 0
48.775; 0
48.825; 0
48.875; 0
48.925; 0
48.975; 0
49.025; 0
49.075; 0
49.125; 0
49.175; 0
49.225; 0
49.275; 0
49.325; 0
49.375; 0
49.425; 0
49.475; 0
49.525; 0
49.575; 0
49.625; 0
49.675; 0
49.725; 0
49.775; 0
49.825; 0
49.875; 0
49.925; 0
