0.025; 8
0.075; 9
0.125; 11
0.175; 9
0.225; 4
0.275; 9
0.325; 9
0.375; 6
0.425; 4
0.475; 5
0.525; 6
0.575; 6
0.625; 9
0.675; 2
0.725; 6
0.775; 5
0.825; 3
0.875; 8
0.925; 15
0.975; 3
1.025; 6
1.075; 4
1.125; 4
1.175; 12
1.225; 12
1.275; 8
1.325; 16
1.375; 11
1.425; 6
1.475; 10
1.525; 7
1.575; 5
1.625; 9
1.675; 9
1.725; 4
1.775; 18
1.825; 10
1.875; 5
1.925; 5
1.975; 12
2.025; 13
2.075; 8
2.125; 6
2.175; 8
2.225; 9
2.275; 8
2.325; 16
2.375; 3
2.425; 8
2.475; 2
2.525; 5
2.575; 14
2.625; 9
2.675; 4
2.725; 10
2.775; 6
2.825; 10
2.875; 8
2.925; 9
2.975; 10
3.025; 4
3.075; 8
3.125; 8
3.175; 8
3.225; 7
3.275; 5
3.325; 6
3.375; 6
3.425; 5
3.475; 8
3.525; 3
3.575; 6
3.625; 7
3.675; 5
3.725; 1
3.775; 10
3.825; 4
3.875; 7
3.925; 4
3.975; 5
4.025; 6
4.075; 6
4.125; 6
4.175; 6
4.225; 10
4.275; 10
4.325; 3
4.375; 5
4.425; 10
4.475; 12
4.525; 8
4.575; 10
4.625; 24
4.675; 20
4.725; 15
4.775; 21
4.825; 38
4.875; 39
4.925; 39
4.975; 52
5.025; 48
5.075; 39
5.125; 63
5.175; 55
5.225; 65
5.275; 69
5.325; 57
5.375; 60
5.425; 54
5.475; 46
5.525; 53
5.575; 52
5.625; 57
5.675; 50
5.725; 61
5.775; 50
5.825; 42
5.875; 57
5.925; 40
5.975; 42
6.025; 35
6.075; 40
6.125; 50
6.175; 30
6.225; 42
6.275; 42
6.325; 31
6.375; 39
6.425; 29
6.475; 29
6.525; 31
6.575; 33
6.625; 38
6.675; 33
6.725; 37
6.775; 31
6.825; 25
6.875; 34
6.925; 27
6.975; 33
7.025; 35
7.075; 25
7.125; 45
7.175; 29
7.225; 27
7.275; 24
7.325; 27
7.375; 32
7.425; 20
7.475; 13
7.525; 15
7.575; 28
7.625; 21
7.675; 23
7.725; 26
7.775; 22
7.825; 26
7.875; 21
7.925; 21
7.975; 20
8.025; 32
8.075; 23
8.125; 25
8.175; 20
8.225; 11
8.275; 13
8.325; 14
8.375; 15
8.425; 11
8.475; 11
8.525; 21
8.575; 15
8.625; 13
8.675; 15
8.725; 12
8.775; 21
8.825; 11
8.875; 14
8.925; 7
8.975; 24
9.025; 20
9.075; 11
9.125; 15
9.175; 10
9.225; 16
9.275; 6
9.325; 8
9.375; 18
9.425; 14
9.475; 15
9.525; 11
9.575; 12
9.625; 8
9.675; 9
9.725; 7
9.775; 5
9.825; 14
9.875; 14
9.925; 5
9.975; 8
10.025; 10
10.075; 10
10.125; 15
10.175; 10
10.225; 14
10.275; 12
10.325; 5
10.375; 7
10.425; 8
10.475; 8
10.525; 6
10.575; 8
10.625; 7
10.675; 5
10.725; 5
10.775; 7
10.825; 8
10.875; 6
10.925; 4
10.975; 9
11.025; 12
11.075; 11
11.125; 11
11.175; 6
11.225; 4
11.275; 10
11.325; 6
11.375; 7
11.425; 8
11.475; 11
11.525; 4
11.575; 6
11.625; 12
11.675; 9
11.725; 7
11.775; 5
11.825; 3
11.875; 6
11.925; 4
11.975; 3
12.025; 6
12.075; 5
12.125; 4
12.175; 2
12.225; 8
12.275; 5
12.325; 2
12.375; 4
12.425; 8
12.475; 1
12.525; 10
12.575; 3
12.625; 6
12.675; 7
12.725; 3
12.775; 2
12.825; 1
12.875; 2
12.925; 3
12.975; 4
13.025; 5
13.075; 5
13.125; 6
13.175; 3
13.225; 3
13.275; 3
13.325; 2
13.375; 0
13.425; 1
13.475; 1
13.525; 3
13.575; 3
13.625; 4
13.675; 4
13.725; 2
13.775; 2
13.825; 2
13.875; 2
13.925; 0
13.975; 0
14.025; 9
14.075; 3
14.125; 1
14.175; 2
14.225; 1
14.275; 1
14.325; 0
14.375; 1
14.425; 2
14.475; 1
14.525; 5
14.575; 2
14.625; 0
14.675; 2
14.725; 2
14.775; 3
14.825; 2
14.875; 2
14.925; 2
14.975; 0
15.025; 2
15.075; 0
15.125; 3
15.175; 1
15.225; 2
15.275; 0
15.325; 0
15.375; 1
15.425; 1
15.475; 3
15.525; 0
15.575; 0
15.625; 3
15.675; 0
15.725; 1
15.775; 0
15.825; 1
15.875; 1
15.925; 3
15.975; 0
16.025; 3
16.075; 2
16.125; 1
16.175; 1
16.225; 1
16.275; 0
16.325; 2
16.375; 1
16.425; 3
16.475; 1
16.525; 1
16.575; 1
16.625; 0
16.675; 2
16.725; 3
16.775; 1
16.825; 0
16.875; 0
16.925; 1
16.975; 3
17.025; 0
17.075; 0
17.125; 2
17.175; 0
17.225; 0
17.275; 1
17.325; 1
17.375; 1
17.425; 0
17.475; 1
17.525; 0
17.575; 0
17.625; 3
17.675; 1
17.725; 0
17.775; 2
17.825; 1
17.875; 1
17.925; 1
17.975; 1
18.025; 0
18.075; 2
18.125; 0
18.175; 0
18.225; 2
18.275; 0
18.325; 0
18.375; 0
18.425; 1
18.475; 2
18.525; 1
18.575; 0
18.625; 1
18.675; 0
18.725; 0
18.775; 0
18.825; 0
18.875; 0
18.925; 1
18.975; 0
19.025; 1
19.075; 1
19.125; 0
19.175; 1
19.225; 0
19.275; 0
19.325; 0
19.375; 1
19.425; 0
19.475; 0
19.525; 0
19.575; 2
19.625; 1
19.675; 0
19.725; 0
19.775; 0
19.825; 0
19.875; 0
19.925; 0
19.975; 0
20.025; 1
20.075; 0
20.125; 0
20.175; 1
20.225; 0
20.275; 0
20.325; 0
20.375; 0
20.425; 1
20.475; 0
20.525; 1
20.575; 1
20.625; 0
20.675; 1
20.725; 0
20.775; 1
20.825; 1
20.875; 1
20.925; 0
20.975; 0
21.025; 3
21.075; 1
21.125; 0
21.175; 0
21.225; 0
21.275; 0
21.325; 0
21.375; 0
21.425; 0
21.475; 1
21.525; 0
21.575; 0
21.625; 1
21.675; 1
21.725; 0
21.775; 0
21.825; 0
21.875; 0
21.925; 0
21.975; 1
22.025; 0
22.075; 0
22.125; 0
22.175; 0
22.225; 1
22.275; 0
22.325; 0
22.375; 0
22.425; 0
22.475; 0
22.525; 0
22.575; 0
22.625; 1
22.675; 0
22.725; 1
22.775; 0
22.825; 0
22.875; 0
22.925; 0
22.975; 1
23.025; 0
23.075; 0
23.125; 0
23.175; 0
23.225; 0
23.275; 0
23.325; 0
23.375; 0
23.425; 0
23.475; 0
23.525; 1
23.575; 0
23.625; 0
23.675; 0
23.725; 0
23.775; 0
23.825; 0
23.875; 0
23.925; 0
23.975; 0
24.025; 0
24.075; 0
24.125; 0
24.175; 0
24.225; 0
24.275; 0
24.325; 1
24.375; 1
24.425; 0
24.475; 0
24.525; 1
24.575; 0
24.625; 1
24.675; 0
24.725; 0
24.775; 0
24.825; 1
24.875; 0
24.925; 0
24.975; 0
25.025; 0
25.075; 0
25.125; 1
25.175; 0
25.225; 0
25.275; 0
25.325; 0
25.375; 0
25.425; 0
25.475; 0
25.525; 0
25.575; 1
25.625; 1
25.675; 0
25.725; 0
25.775; 0
25.825; 0
25.875; 0
25.925; 0
25.975; 1
26.025; 1
26.075; 0
26.125; 0
26.175; 0
26.225; 0
26.275; 0
26.325; 0
26.375; 1
26.425; 0
26.475; 1
26.525; 0
26.575; 0
26.625; 0
26.675; 1
26.725; 0
26.775; 0
26.825; 0
26.875; 0
26.925; 0
26.975; 1
27.025; 1
27.075; 0
27.125; 1
27.175; 0
27.225; 0
27.275; 0
27.325; 2
27.375; 0
27.425; 0
27.475; 0
27.525; 1
27.575; 1
27.625; 0
27.675; 0
27.725; 0
27.775; 0
27.825; 0
27.875; 0
27.925; 0
27.975; 0
28.025; 0
28.075; 0
28.125; 0
28.175; 0
28.225; 1
28.275; 0
28.325; 0
28.375; 0
28.425; 0
28.475; 0
28.525; 0
28.575; 0
28.625; 0
28.675; 1
28.725; 0
28.775; 0
28.825; 3
28.875; 0
28.925; 0
28.975; 0
29.025; 0
29.075; 0
29.125; 0
29.175; 0
29.225; 0
29.275; 0
29.325; 0
29.375; 0
29.425; 0
29.475; 0
29.525; 2
29.575; 0
29.625; 0
29.675; 0
29.725; 0
29.775; 1
29.825; 0
29.875; 1
29.925; 0
29.975; 1
30.025; 0
30.075; 0
30.125; 0
30.175; 0
30.225; 0
30.275; 0
30.325; 0
30.375; 0
30.425; 0
30.475; 1
30.525; 0
30.575; 0
30.625; 1
30.675; 1
30.725; 0
30.775; 0
30.825; 0
30.875; 0
30.925; 0
30.975; 0
31.025; 1
31.075; 0
31.125; 0
31.175; 0
31.225; 0
31.275; 0
31.325; 1
31.375; 0
31.425; 0
31.475; 0
31.525; 0
31.575; 0
31.625; 1
31.675; 0
31.725; 0
31.775; 0
31.825; 0
31.875; 0
31.925; 0
31.975; 1
32.025; 0
32.075; 0
32.125; 0
32.175; 0
32.225; 0
32.275; 0
32.325; 0
32.375; 0
32.425; 0
32.475; 0
32.525; 0
32.575; 0
32.625; 0
32.675; 0
32.725; 0
32.775; 0
32.825; 0
32.875; 0
32.925; 0
32.975; 0
33.025; 0
33.075; 0
33.125; 1
33.175; 0
33.225; 0
33.275; 0
33.325; 0
33.375; 0
33.425; 0
33.475; 0
33.525; 0
33.575; 0
33.625; 0
33.675; 0
33.725; 0
33.775; 0
33.825; 0
33.875; 0
33.925; 0
33.975; 0
34.025; 0
34.075; 0
34.125; 0
34.175; 0
34.225; 1
34.275; 0
34.325; 0
34.375; 0
34.425; 0
34.475; 0
34.525; 0
34.575; 0
34.625; 0
34.675; 0
34.725; 0
34.775; 1
34.825; 0
34.875; 1
34.925; 1
34.975; 0
35.025; 0
35.075; 0
35.125; 0
35.175; 0
35.225; 0
35.275; 0
35.325; 0
35.375; 0
35.425; 0
35.475; 0
35.525; 0
35.575; 0
35.625; 0
35.675; 0
35.725; 0
35.775; 0
35.825; 0
35.875; 0
35.925; 1
35.975; 0
36.025; 0
36.075; 0
36.125; 0
36.175; 1
36.225; 0
36.275; 0
36.325; 0
36.375; 0
36.425; 0
36.475; 0
36.525; 0
36.575; 0
36.625; 0
36.675; 0
36.725; 0
36.775; 0
36.825; 1
36.875; 0
36.925; 0
36.975; 0
37.025; 0
37.075; 0
37.125; 0
37.175; 0
37.225; 0
37.275; 0
37.325; 0
37.375; 0
37.425; 0
37.475; 0
37.525; 0
37.575; 0
37.625; 0
37.675; 0
37.725; 0
37.775; 0
37.825; 0
37.875; 0
37.925; 0
37.975; 0
38.025; 0
38.075; 0
38.125; 0
38.175; 0
38.225; 0
38.275; 0
38.325; 0
38.375; 0
38.425; 1
38.475; 0
38.525; 0
38.575; 0
38.625; 0
38.675; 0
38.725; 0
38.775; 0
38.825; 0
38.875; 0
38.925; 0
38.975; 0
39.025; 0
39.075; 0
39.125; 0
39.175; 0
39.225; 0
39.275; 0
39.325; 0
39.375; 0
39.425; 0
39.475; 0
39.525; 0
39.575; 0
39.625; 0
39.675; 0
39.725; 2
39.775; 0
39.825; 0
39.875; 0
39.925; 0
39.975; 0
40.025; 0
40.075; 0
40.125; 1
40.175; 0
40.225; 0
40.275; 0
40.325; 1
40.375; 0
40.425; 0
40.475; 0
40.525; 0
40.575; 0
40.625; 0
40.675; 0
40.725; 0
40.775; 0
40.825; 0
40.875; 0
40.925; 1
40.975; 0
41.025; 0
41.075; 0
41.125; 0
41.175; 0
41.225; 0
41.275; 0
41.325; 0
41.375; 0
41.425; 0
41.475; 0
41.525; 0
41.575; 0
41.625; 0
41.675; 1
41.725; 0
41.775; 0
41.825; 1
41.875; 0
41.925; 0
41.975; 0
42.025; 0
42.075; 0
42.125; 0
42.175; 0
42.225; 0
42.275; 0
42.325; 0
42.375; 0
42.425; 0
42.475; 0
42.525; 0
42.575; 0
42.625; 0
42.675; 0
42.725; 0
42.775; 0
42.825; 0
42.875; 0
42.925; 0
42.975; 0
43.025; 0
43.075; 0
43.125; 0
43.175; 0
43.225; 0
43.275; 0
43.325; 0
43.375; 0
43.425; 0
43.475; 0
43.525; 1
43.575; 0
43.625; 0
43.675; 0
43.725; 0
43.775; 0
43.825; 0
43.875; 0
43.925; 1
43.975; 0
44.025; 0
44.075; 0
44.125; 0
44.175; 0
44.225; 0
44.275; 1
44.325; 0
44.375; 0
44.425; 0
44.475; 0
44.525; 0
44.575; 0
44.625; 0
44.675; 0
44.725; 0
44.775; 1
44.825; 0
44.875; 0
44.925; 0
44.975; 0
45.025; 0
45.075; 0
45.125; 0
45.175; 0
45.225; 0
45.275; 0
45.325; 0
45.375; 0
45.425; 0
45.475; 0
45.525; 0
45.575; 0
45.625; 0
45.675; 0
45.725; 0
45.775; 0
45.825; 0
45.875; 0
45.925; 0
45.975; 0
46.025; 0
46.075; 0
46.125; 0
46.175; 0
46.225; 0
46.275; 0
46.325; 0
46.375; 0
46.425; 0
46.475; 0
46.525; 1
46.575; 0
46.625; 1
46.675; 0
46.725; 0
46.775; 0
46.825; 0
46.875; 0
46.925; 0
46.975; 0
47.025; 0
47.075; 0
47.125; 0
47.175; 0
47.225; 0
47.275; 0
47.325; 0
47.375; 0
47.425; 0
47.475; 0
47.525; 0
47.575; 0
47.625; 0
47.675; 0
47.725; 0
47.775; 0
47.825; 0
47.875; 0
47.925; 0
47.975; 0
48.025; 0
48.075; 0
48.125; 0
48.175; 0
48.225; 0
48.275; 0
48.325; 0
48.375; 0
48.425; 0
48.475; 0
48.525; 0
48.575; 0
48.625; 0
48.675; 0
48.725; 0
48.775; 0
48.825; 0
48.875; 0
48.925; 0
48.975; 1
49.025; 0
49.075; 0
49.125; 0
49.175; 0
49.225; 0
49.275; 0
49.325; 0
49.375; 0
49.425; 0
49.475; 0
49.525; 0
49.575; 0
49.625; 0
49.675; 0
49.725; 0
49.775; 0
49.825; 0
49.875; 0
49.925; 0
