0.0025; 1
0.0075; 1
0.0125; 0
0.0175; 0
0.0225; 2
0.0275; 1
0.0325; 3
0.0375; 0
0.0425; 1
0.0475; 1
0.0525; 0
0.0575; 0
0.0625; 0
0.0675; 0
0.0725; 0
0.0775; 0
0.0825; 0
0.0875; 1
0.0925; 0
0.0975; 2
0.1025; 0
0.1075; 0
0.1125; 1
0.1175; 1
0.1225; 0
0.1275; 0
0.1325; 0
0.1375; 0
0.1425; 0
0.1475; 1
0.1525; 2
0.1575; 1
0.1625; 1
0.1675; 0
0.1725; 0
0.1775; 0
0.1825; 0
0.1875; 0
0.1925; 0
0.1975; 0
0.2025; 1
0.2075; 0
0.2125; 1
0.2175; 0
0.2225; 0
0.2275; 2
0.2325; 0
0.2375; 2
0.2425; 0
0.2475; 1
0.2525; 0
0.2575; 1
0.2625; 1
0.2675; 0
0.2725; 0
0.2775; 0
0.2825; 1
0.2875; 2
0.2925; 1
0.2975; 1
0.3025; 1
0.3075; 0
0.3125; 1
0.3175; 0
0.3225; 0
0.3275; 1
0.3325; 0
0.3375; 0
0.3425; 0
0.3475; 0
0.3525; 0
0.3575; 0
0.3625; 0
0.3675; 1
0.3725; 1
0.3775; 1
0.3825; 0
0.3875; 0
0.3925; 0
0.3975; 0
0.4025; 1
0.4075; 0
0.4125; 0
0.4175; 0
0.4225; 0
0.4275; 0
0.4325; 1
0.4375; 0
0.4425; 0
0.4475; 5
0.4525; 1
0.4575; 18
0.4625; 12
0.4675; 27
0.4725; 58
0.4775; 130
0.4825; 199
0.4875; 255
0.4925; 424
0.4975; 605
0.5025; 726
0.5075; 1011
0.5125; 1198
0.5175; 1440
0.5225; 1677
0.5275; 1826
0.5325; 2073
0.5375; 2255
0.5425; 2287
0.5475; 2328
0.5525; 2484
0.5575; 2555
0.5625; 2516
0.5675; 2456
0.5725; 2474
0.5775; 2319
0.5825; 2397
0.5875; 2263
0.5925; 2149
0.5975; 2082
0.6025; 2062
0.6075; 1982
0.6125; 1871
0.6175; 1686
0.6225; 1735
0.6275; 1632
0.6325; 1559
0.6375; 1514
0.6425; 1418
0.6475; 1347
0.6525; 1237
0.6575; 1190
0.6625; 1130
0.6675; 1114
0.6725; 997
0.6775; 974
0.6825; 972
0.6875; 953
0.6925; 903
0.6975; 771
0.7025; 813
0.7075; 756
0.7125; 716
0.7175; 695
0.7225; 686
0.7275; 618
0.7325; 634
0.7375; 549
0.7425; 569
0.7475; 515
0.7525; 496
0.7575; 501
0.7625; 456
0.7675; 457
0.7725; 442
0.7775; 428
0.7825; 405
0.7875; 419
0.7925; 363
0.7975; 362
0.8025; 355
0.8075; 346
0.8125; 321
0.8175; 306
0.8225; 325
0.8275; 297
0.8325; 281
0.8375; 278
0.8425; 277
0.8475; 252
0.8525; 267
0.8575; 273
0.8625; 246
0.8675; 228
0.8725; 221
0.8775; 207
0.8825; 233
0.8875; 211
0.8925; 199
0.8975; 183
0.9025; 194
0.9075; 171
0.9125; 197
0.9175; 149
0.9225; 172
0.9275; 164
0.9325; 153
0.9375; 157
0.9425; 162
0.9475; 146
0.9525; 136
0.9575; 144
0.9625; 153
0.9675; 152
0.9725; 111
0.9775; 118
0.9825; 114
0.9875; 117
0.9925; 121
0.9975; 120
1.0025; 115
1.0075; 121
1.0125; 124
1.0175; 108
1.0225; 92
1.0275; 92
1.0325; 99
1.0375; 117
1.0425; 93
1.0475; 104
1.0525; 79
1.0575; 90
1.0625; 70
1.0675; 83
1.0725; 79
1.0775; 82
1.0825; 76
1.0875; 67
1.0925; 71
1.0975; 82
1.1025; 84
1.1075; 69
1.1125; 78
1.1175; 84
1.1225; 68
1.1275; 64
1.1325; 77
1.1375; 57
1.1425; 63
1.1475; 66
1.1525; 64
1.1575; 67
1.1625; 61
1.1675; 80
1.1725; 51
1.1775; 54
1.1825; 67
1.1875; 58
1.1925; 55
1.1975; 57
1.2025; 78
1.2075; 57
1.2125; 41
1.2175; 49
1.2225; 50
1.2275; 42
1.2325; 43
1.2375; 65
1.2425; 39
1.2475; 45
1.2525; 55
1.2575; 53
1.2625; 49
1.2675; 45
1.2725; 39
1.2775; 43
1.2825; 40
1.2875; 39
1.2925; 45
1.2975; 45
1.3025; 39
1.3075; 35
1.3125; 42
1.3175; 43
1.3225; 36
1.3275; 51
1.3325; 43
1.3375; 35
1.3425; 36
1.3475; 39
1.3525; 38
1.3575; 37
1.3625; 43
1.3675; 44
1.3725; 35
1.3775; 45
1.3825; 31
1.3875; 29
1.3925; 31
1.3975; 35
1.4025; 25
1.4075; 41
1.4125; 28
1.4175; 34
1.4225; 38
1.4275; 26
1.4325; 32
1.4375; 34
1.4425; 34
1.4475; 29
1.4525; 26
1.4575; 25
1.4625; 21
1.4675; 24
1.4725; 26
1.4775; 20
1.4825; 28
1.4875; 32
1.4925; 28
1.4975; 15
1.5025; 27
1.5075; 30
1.5125; 20
1.5175; 27
1.5225; 24
1.5275; 31
1.5325; 24
1.5375; 19
1.5425; 17
1.5475; 27
1.5525; 24
1.5575; 21
1.5625; 21
1.5675; 20
1.5725; 24
1.5775; 23
1.5825; 19
1.5875; 14
1.5925; 17
1.5975; 17
1.6025; 28
1.6075; 20
1.6125; 16
1.6175; 19
1.6225; 20
1.6275; 27
1.6325; 19
1.6375; 15
1.6425; 20
1.6475; 22
1.6525; 18
1.6575; 22
1.6625; 20
1.6675; 25
1.6725; 15
1.6775; 18
1.6825; 13
1.6875; 21
1.6925; 9
1.6975; 8
1.7025; 14
1.7075; 22
1.7125; 19
1.7175; 15
1.7225; 13
1.7275; 15
1.7325; 14
1.7375; 19
1.7425; 20
1.7475; 21
1.7525; 11
1.7575; 16
1.7625; 21
1.7675; 22
1.7725; 18
1.7775; 29
1.7825; 18
1.7875; 15
1.7925; 16
1.7975; 14
1.8025; 18
1.8075; 15
1.8125; 10
1.8175; 13
1.8225; 12
1.8275; 12
1.8325; 18
1.8375; 11
1.8425; 20
1.8475; 17
1.8525; 16
1.8575; 18
1.8625; 13
1.8675; 12
1.8725; 8
1.8775; 20
1.8825; 9
1.8875; 11
1.8925; 14
1.8975; 6
1.9025; 13
1.9075; 17
1.9125; 13
1.9175; 8
1.9225; 10
1.9275; 11
1.9325; 11
1.9375; 11
1.9425; 11
1.9475; 8
1.9525; 11
1.9575; 8
1.9625; 9
1.9675; 13
1.9725; 10
1.9775; 13
1.9825; 15
1.9875; 13
1.9925; 8
1.9975; 6
2.0025; 13
2.0075; 13
2.0125; 12
2.0175; 10
2.0225; 11
2.0275; 9
2.0325; 10
2.0375; 9
2.0425; 6
2.0475; 8
2.0525; 15
2.0575; 12
2.0625; 7
2.0675; 14
2.0725; 4
2.0775; 7
2.0825; 9
2.0875; 9
2.0925; 6
2.0975; 12
2.1025; 8
2.1075; 10
2.1125; 6
2.1175; 13
2.1225; 11
2.1275; 7
2.1325; 14
2.1375; 13
2.1425; 8
2.1475; 10
2.1525; 8
2.1575; 7
2.1625; 4
2.1675; 4
2.1725; 9
2.1775; 8
2.1825; 8
2.1875; 8
2.1925; 7
2.1975; 10
2.2025; 4
2.2075; 8
2.2125; 10
2.2175; 17
2.2225; 7
2.2275; 6
2.2325; 12
2.2375; 9
2.2425; 8
2.2475; 11
2.2525; 7
2.2575; 8
2.2625; 6
2.2675; 6
2.2725; 9
2.2775; 14
2.2825; 5
2.2875; 5
2.2925; 4
2.2975; 7
2.3025; 4
2.3075; 9
2.3125; 8
2.3175; 5
2.3225; 3
2.3275; 1
2.3325; 7
2.3375; 5
2.3425; 9
2.3475; 8
2.3525; 4
2.3575; 8
2.3625; 8
2.3675; 6
2.3725; 6
2.3775; 3
2.3825; 5
2.3875; 10
2.3925; 9
2.3975; 8
2.4025; 5
2.4075; 6
2.4125; 5
2.4175; 9
2.4225; 5
2.4275; 4
2.4325; 9
2.4375; 1
2.4425; 7
2.4475; 9
2.4525; 3
2.4575; 3
2.4625; 3
2.4675; 2
2.4725; 4
2.4775; 8
2.4825; 8
2.4875; 11
2.4925; 9
2.4975; 4
2.5025; 7
2.5075; 2
2.5125; 7
2.5175; 3
2.5225; 7
2.5275; 5
2.5325; 6
2.5375; 4
2.5425; 7
2.5475; 3
2.5525; 8
2.5575; 3
2.5625; 3
2.5675; 2
2.5725; 4
2.5775; 4
2.5825; 5
2.5875; 11
2.5925; 8
2.5975; 6
2.6025; 4
2.6075; 4
2.6125; 6
2.6175; 0
2.6225; 7
2.6275; 5
2.6325; 5
2.6375; 4
2.6425; 2
2.6475; 6
2.6525; 2
2.6575; 5
2.6625; 2
2.6675; 9
2.6725; 5
2.6775; 2
2.6825; 3
2.6875; 1
2.6925; 2
2.6975; 7
2.7025; 3
2.7075; 6
2.7125; 4
2.7175; 11
2.7225; 5
2.7275; 2
2.7325; 6
2.7375; 2
2.7425; 4
2.7475; 5
2.7525; 4
2.7575; 6
2.7625; 2
2.7675; 5
2.7725; 4
2.7775; 1
2.7825; 2
2.7875; 4
2.7925; 4
2.7975; 6
2.8025; 6
2.8075; 3
2.8125; 6
2.8175; 5
2.8225; 2
2.8275; 3
2.8325; 5
2.8375; 8
2.8425; 2
2.8475; 0
2.8525; 6
2.8575; 3
2.8625; 4
2.8675; 5
2.8725; 3
2.8775; 5
2.8825; 5
2.8875; 3
2.8925; 7
2.8975; 5
2.9025; 6
2.9075; 4
2.9125; 4
2.9175; 7
2.9225; 4
2.9275; 3
2.9325; 1
2.9375; 3
2.9425; 4
2.9475; 5
2.9525; 4
2.9575; 5
2.9625; 2
2.9675; 8
2.9725; 3
2.9775; 4
2.9825; 6
2.9875; 4
2.9925; 1
2.9975; 6
3.0025; 2
3.0075; 4
3.0125; 3
3.0175; 2
3.0225; 2
3.0275; 2
3.0325; 1
3.0375; 1
3.0425; 4
3.0475; 5
3.0525; 6
3.0575; 1
3.0625; 3
3.0675; 1
3.0725; 6
3.0775; 3
3.0825; 5
3.0875; 6
3.0925; 1
3.0975; 3
3.1025; 3
3.1075; 5
3.1125; 2
3.1175; 3
3.1225; 2
3.1275; 3
3.1325; 3
3.1375; 6
3.1425; 3
3.1475; 1
3.1525; 2
3.1575; 4
3.1625; 4
3.1675; 4
3.1725; 5
3.1775; 1
3.1825; 2
3.1875; 5
3.1925; 6
3.1975; 3
3.2025; 2
3.2075; 5
3.2125; 3
3.2175; 2
3.2225; 0
3.2275; 2
3.2325; 2
3.2375; 2
3.2425; 3
3.2475; 2
3.2525; 2
3.2575; 4
3.2625; 5
3.2675; 4
3.2725; 2
3.2775; 3
3.2825; 4
3.2875; 4
3.2925; 3
3.2975; 8
3.3025; 0
3.3075; 4
3.3125; 5
3.3175; 2
3.3225; 1
3.3275; 1
3.3325; 3
3.3375; 4
3.3425; 2
3.3475; 2
3.3525; 1
3.3575; 5
3.3625; 4
3.3675; 4
3.3725; 4
3.3775; 4
3.3825; 2
3.3875; 3
3.3925; 4
3.3975; 5
3.4025; 8
3.4075; 2
3.4125; 6
3.4175; 1
3.4225; 0
3.4275; 4
3.4325; 4
3.4375; 1
3.4425; 5
3.4475; 5
3.4525; 1
3.4575; 1
3.4625; 5
3.4675; 6
3.4725; 3
3.4775; 2
3.4825; 4
3.4875; 1
3.4925; 1
3.4975; 4
3.5025; 3
3.5075; 1
3.5125; 5
3.5175; 4
3.5225; 2
3.5275; 2
3.5325; 5
3.5375; 3
3.5425; 4
3.5475; 4
3.5525; 5
3.5575; 4
3.5625; 2
3.5675; 1
3.5725; 4
3.5775; 2
3.5825; 0
3.5875; 7
3.5925; 0
3.5975; 3
3.6025; 2
3.6075; 3
3.6125; 4
3.6175; 4
3.6225; 1
3.6275; 3
3.6325; 1
3.6375; 0
3.6425; 2
3.6475; 5
3.6525; 2
3.6575; 1
3.6625; 0
3.6675; 0
3.6725; 2
3.6775; 3
3.6825; 4
3.6875; 3
3.6925; 3
3.6975; 3
3.7025; 2
3.7075; 3
3.7125; 0
3.7175; 1
3.7225; 3
3.7275; 2
3.7325; 2
3.7375; 3
3.7425; 1
3.7475; 1
3.7525; 1
3.7575; 1
3.7625; 1
3.7675; 1
3.7725; 3
3.7775; 1
3.7825; 1
3.7875; 0
3.7925; 1
3.7975; 2
3.8025; 3
3.8075; 5
3.8125; 3
3.8175; 2
3.8225; 2
3.8275; 2
3.8325; 2
3.8375; 3
3.8425; 1
3.8475; 1
3.8525; 4
3.8575; 2
3.8625; 0
3.8675; 2
3.8725; 3
3.8775; 3
3.8825; 3
3.8875; 6
3.8925; 1
3.8975; 0
3.9025; 1
3.9075; 1
3.9125; 0
3.9175; 2
3.9225; 3
3.9275; 3
3.9325; 3
3.9375; 3
3.9425; 3
3.9475; 0
3.9525; 3
3.9575; 1
3.9625; 4
3.9675; 2
3.9725; 2
3.9775; 1
3.9825; 5
3.9875; 1
3.9925; 2
3.9975; 4
4.0025; 4
4.0075; 4
4.0125; 5
4.0175; 1
4.0225; 4
4.0275; 3
4.0325; 4
4.0375; 0
4.0425; 1
4.0475; 0
4.0525; 2
4.0575; 0
4.0625; 5
4.0675; 1
4.0725; 2
4.0775; 1
4.0825; 1
4.0875; 2
4.0925; 2
4.0975; 2
4.1025; 1
4.1075; 1
4.1125; 3
4.1175; 4
4.1225; 2
4.1275; 6
4.1325; 1
4.1375; 1
4.1425; 4
4.1475; 3
4.1525; 8
4.1575; 3
4.1625; 3
4.1675; 2
4.1725; 2
4.1775; 1
4.1825; 2
4.1875; 3
4.1925; 0
4.1975; 2
4.2025; 5
4.2075; 4
4.2125; 4
4.2175; 1
4.2225; 2
4.2275; 1
4.2325; 3
4.2375; 2
4.2425; 0
4.2475; 2
4.2525; 3
4.2575; 5
4.2625; 0
4.2675; 0
4.2725; 3
4.2775; 5
4.2825; 3
4.2875; 3
4.2925; 1
4.2975; 3
4.3025; 2
4.3075; 3
4.3125; 1
4.3175; 4
4.3225; 2
4.3275; 4
4.3325; 1
4.3375; 2
4.3425; 2
4.3475; 2
4.3525; 0
4.3575; 2
4.3625; 5
4.3675; 0
4.3725; 3
4.3775; 0
4.3825; 2
4.3875; 3
4.3925; 5
4.3975; 3
4.4025; 5
4.4075; 0
4.4125; 5
4.4175; 2
4.4225; 3
4.4275; 2
4.4325; 5
4.4375; 0
4.4425; 3
4.4475; 2
4.4525; 1
4.4575; 1
4.4625; 2
4.4675; 2
4.4725; 3
4.4775; 4
4.4825; 1
4.4875; 2
4.4925; 1
4.4975; 3
4.5025; 2
4.5075; 0
4.5125; 2
4.5175; 1
4.5225; 2
4.5275; 5
4.5325; 1
4.5375; 0
4.5425; 1
4.5475; 3
4.5525; 0
4.5575; 2
4.5625; 0
4.5675; 4
4.5725; 4
4.5775; 2
4.5825; 5
4.5875; 1
4.5925; 0
4.5975; 1
4.6025; 0
4.6075; 0
4.6125; 1
4.6175; 4
4.6225; 0
4.6275; 1
4.6325; 3
4.6375; 4
4.6425; 5
4.6475; 0
4.6525; 5
4.6575; 3
4.6625; 2
4.6675; 2
4.6725; 0
4.6775; 2
4.6825; 0
4.6875; 2
4.6925; 1
4.6975; 2
4.7025; 2
4.7075; 1
4.7125; 3
4.7175; 1
4.7225; 1
4.7275; 2
4.7325; 0
4.7375; 1
4.7425; 1
4.7475; 1
4.7525; 5
4.7575; 3
4.7625; 1
4.7675; 3
4.7725; 2
4.7775; 2
4.7825; 2
4.7875; 2
4.7925; 1
4.7975; 1
4.8025; 0
4.8075; 2
4.8125; 2
4.8175; 3
4.8225; 2
4.8275; 2
4.8325; 4
4.8375; 1
4.8425; 1
4.8475; 0
4.8525; 2
4.8575; 0
4.8625; 3
4.8675; 1
4.8725; 2
4.8775; 2
4.8825; 4
4.8875; 4
4.8925; 1
4.8975; 3
4.9025; 1
4.9075; 1
4.9125; 2
4.9175; 3
4.9225; 1
4.9275; 1
4.9325; 2
4.9375; 1
4.9425; 2
4.9475; 0
4.9525; 0
4.9575; 4
4.9625; 1
4.9675; 1
4.9725; 4
4.9775; 0
4.9825; 4
4.9875; 3
4.9925; 0
