0.0025; 1
0.0075; 1
0.0125; 2
0.0175; 1
0.0225; 3
0.0275; 0
0.0325; 2
0.0375; 2
0.0425; 0
0.0475; 0
0.0525; 0
0.0575; 2
0.0625; 4
0.0675; 1
0.0725; 0
0.0775; 0
0.0825; 0
0.0875; 1
0.0925; 0
0.0975; 0
0.1025; 0
0.1075; 1
0.1125; 0
0.1175; 0
0.1225; 0
0.1275; 0
0.1325; 0
0.1375; 1
0.1425; 2
0.1475; 1
0.1525; 0
0.1575; 1
0.1625; 0
0.1675; 0
0.1725; 0
0.1775; 0
0.1825; 0
0.1875; 0
0.1925; 2
0.1975; 0
0.2025; 2
0.2075; 1
0.2125; 1
0.2175; 0
0.2225; 0
0.2275; 1
0.2325; 1
0.2375; 0
0.2425; 0
0.2475; 0
0.2525; 2
0.2575; 0
0.2625; 2
0.2675; 0
0.2725; 0
0.2775; 0
0.2825; 0
0.2875; 0
0.2925; 0
0.2975; 0
0.3025; 0
0.3075; 0
0.3125; 1
0.3175; 1
0.3225; 0
0.3275; 0
0.3325; 0
0.3375; 0
0.3425; 1
0.3475; 2
0.3525; 1
0.3575; 1
0.3625; 0
0.3675; 0
0.3725; 1
0.3775; 0
0.3825; 0
0.3875; 1
0.3925; 0
0.3975; 0
0.4025; 0
0.4075; 0
0.4125; 0
0.4175; 0
0.4225; 1
0.4275; 0
0.4325; 0
0.4375; 0
0.4425; 1
0.4475; 0
0.4525; 2
0.4575; 0
0.4625; 2
0.4675; 0
0.4725; 0
0.4775; 1
0.4825; 0
0.4875; 1
0.4925; 0
0.4975; 0
0.5025; 0
0.5075; 0
0.5125; 2
0.5175; 1
0.5225; 0
0.5275; 0
0.5325; 0
0.5375; 0
0.5425; 0
0.5475; 0
0.5525; 2
0.5575; 0
0.5625; 1
0.5675; 1
0.5725; 0
0.5775; 0
0.5825; 0
0.5875; 0
0.5925; 1
0.5975; 0
0.6025; 0
0.6075; 1
0.6125; 0
0.6175; 0
0.6225; 0
0.6275; 1
0.6325; 0
0.6375; 0
0.6425; 0
0.6475; 0
0.6525; 0
0.6575; 1
0.6625; 0
0.6675; 0
0.6725; 1
0.6775; 0
0.6825; 0
0.6875; 0
0.6925; 0
0.6975; 0
0.7025; 0
0.7075; 0
0.7125; 0
0.7175; 0
0.7225; 0
0.7275; 1
0.7325; 1
0.7375; 0
0.7425; 0
0.7475; 0
0.7525; 1
0.7575; 0
0.7625; 0
0.7675; 0
0.7725; 1
0.7775; 1
0.7825; 1
0.7875; 0
0.7925; 0
0.7975; 0
0.8025; 0
0.8075; 0
0.8125; 0
0.8175; 0
0.8225; 0
0.8275; 1
0.8325; 1
0.8375; 0
0.8425; 1
0.8475; 0
0.8525; 0
0.8575; 0
0.8625; 1
0.8675; 0
0.8725; 0
0.8775; 0
0.8825; 0
0.8875; 0
0.8925; 0
0.8975; 0
0.9025; 0
0.9075; 0
0.9125; 0
0.9175; 0
0.9225; 0
0.9275; 0
0.9325; 1
0.9375; 0
0.9425; 0
0.9475; 0
0.9525; 0
0.9575; 0
0.9625; 0
0.9675; 1
0.9725; 0
0.9775; 0
0.9825; 0
0.9875; 1
0.9925; 0
0.9975; 0
1.0025; 0
1.0075; 0
1.0125; 0
1.0175; 0
1.0225; 0
1.0275; 0
1.0325; 0
1.0375; 1
1.0425; 0
1.0475; 0
1.0525; 0
1.0575; 0
1.0625; 0
1.0675; 0
1.0725; 0
1.0775; 1
1.0825; 0
1.0875; 0
1.0925; 1
1.0975; 0
1.1025; 1
1.1075; 1
1.1125; 0
1.1175; 4
1.1225; 1
1.1275; 1
1.1325; 4
1.1375; 5
1.1425; 6
1.1475; 11
1.1525; 7
1.1575; 26
1.1625; 28
1.1675; 35
1.1725; 31
1.1775; 48
1.1825; 65
1.1875; 107
1.1925; 104
1.1975; 105
1.2025; 149
1.2075; 191
1.2125; 213
1.2175; 230
1.2225; 280
1.2275; 352
1.2325; 388
1.2375; 428
1.2425; 482
1.2475; 542
1.2525; 568
1.2575; 703
1.2625; 664
1.2675; 764
1.2725; 819
1.2775; 823
1.2825; 943
1.2875; 947
1.2925; 1008
1.2975; 1056
1.3025; 1064
1.3075; 1050
1.3125; 1104
1.3175; 1146
1.3225; 1191
1.3275; 1187
1.3325; 1283
1.3375; 1282
1.3425; 1323
1.3475; 1233
1.3525; 1339
1.3575; 1304
1.3625; 1352
1.3675; 1310
1.3725; 1301
1.3775; 1273
1.3825; 1329
1.3875; 1314
1.3925; 1267
1.3975; 1309
1.4025; 1277
1.4075; 1291
1.4125; 1276
1.4175; 1267
1.4225; 1255
1.4275; 1216
1.4325; 1208
1.4375; 1204
1.4425; 1109
1.4475; 1119
1.4525; 1114
1.4575; 1070
1.4625; 1093
1.4675; 1153
1.4725; 1058
1.4775; 1073
1.4825; 1002
1.4875; 1036
1.4925; 999
1.4975; 956
1.5025; 982
1.5075; 919
1.5125; 913
1.5175; 829
1.5225; 877
1.5275; 882
1.5325; 858
1.5375; 804
1.5425; 779
1.5475; 765
1.5525; 771
1.5575; 725
1.5625; 728
1.5675; 712
1.5725; 686
1.5775; 740
1.5825; 621
1.5875; 623
1.5925; 628
1.5975; 620
1.6025; 564
1.6075; 585
1.6125; 572
1.6175; 577
1.6225; 532
1.6275; 504
1.6325; 565
1.6375; 511
1.6425; 501
1.6475; 469
1.6525; 482
1.6575; 472
1.6625; 431
1.6675; 424
1.6725; 385
1.6775; 443
1.6825; 384
1.6875; 367
1.6925; 376
1.6975; 391
1.7025; 399
1.7075; 339
1.7125; 350
1.7175; 345
1.7225; 332
1.7275; 334
1.7325; 313
1.7375; 340
1.7425; 295
1.7475; 270
1.7525; 290
1.7575; 245
1.7625; 254
1.7675; 231
1.7725; 233
1.7775; 249
1.7825; 236
1.7875; 219
1.7925; 203
1.7975; 216
1.8025; 214
1.8075; 174
1.8125; 191
1.8175; 190
1.8225; 196
1.8275; 168
1.8325; 159
1.8375; 158
1.8425; 168
1.8475; 148
1.8525; 156
1.8575; 118
1.8625; 130
1.8675; 148
1.8725; 141
1.8775; 114
1.8825; 103
1.8875; 126
1.8925; 99
1.8975; 116
1.9025; 101
1.9075; 113
1.9125; 93
1.9175; 90
1.9225; 85
1.9275; 110
1.9325; 79
1.9375; 82
1.9425; 76
1.9475; 76
1.9525; 76
1.9575; 80
1.9625; 100
1.9675; 65
1.9725; 63
1.9775; 63
1.9825; 55
1.9875; 59
1.9925; 56
1.9975; 70
2.0025; 40
2.0075; 52
2.0125; 53
2.0175; 51
2.0225; 36
2.0275; 37
2.0325; 46
2.0375; 44
2.0425; 47
2.0475; 34
2.0525; 37
2.0575; 45
2.0625; 40
2.0675; 30
2.0725; 26
2.0775; 42
2.0825; 43
2.0875; 25
2.0925; 23
2.0975; 26
2.1025; 35
2.1075; 28
2.1125; 29
2.1175; 27
2.1225; 29
2.1275; 18
2.1325; 14
2.1375; 20
2.1425; 21
2.1475; 25
2.1525; 15
2.1575; 24
2.1625; 17
2.1675; 18
2.1725; 20
2.1775; 15
2.1825; 19
2.1875; 14
2.1925; 15
2.1975; 19
2.2025; 16
2.2075; 12
2.2125; 12
2.2175; 16
2.2225; 12
2.2275; 17
2.2325; 14
2.2375; 11
2.2425; 7
2.2475; 17
2.2525; 6
2.2575; 7
2.2625; 9
2.2675; 16
2.2725; 11
2.2775; 10
2.2825; 5
2.2875; 12
2.2925; 4
2.2975; 8
2.3025; 5
2.3075; 4
2.3125; 7
2.3175; 11
2.3225; 6
2.3275; 6
2.3325; 12
2.3375; 7
2.3425; 9
2.3475; 5
2.3525; 6
2.3575; 11
2.3625; 6
2.3675; 3
2.3725; 8
2.3775; 10
2.3825; 5
2.3875; 5
2.3925; 5
2.3975; 5
2.4025; 4
2.4075; 4
2.4125; 2
2.4175; 8
2.4225; 9
2.4275; 7
2.4325; 7
2.4375; 4
2.4425; 6
2.4475; 7
2.4525; 4
2.4575; 6
2.4625; 2
2.4675; 2
2.4725; 2
2.4775; 3
2.4825; 7
2.4875; 4
2.4925; 2
2.4975; 0
2.5025; 5
2.5075; 4
2.5125; 10
2.5175; 6
2.5225; 7
2.5275; 5
2.5325; 7
2.5375; 5
2.5425; 3
2.5475; 9
2.5525; 4
2.5575; 1
2.5625; 7
2.5675; 2
2.5725; 4
2.5775; 3
2.5825; 5
2.5875; 2
2.5925; 2
2.5975; 4
2.6025; 2
2.6075; 2
2.6125; 2
2.6175; 6
2.6225; 4
2.6275; 2
2.6325; 6
2.6375; 2
2.6425; 5
2.6475; 5
2.6525; 2
2.6575; 4
2.6625; 2
2.6675; 1
2.6725; 3
2.6775; 2
2.6825; 1
2.6875; 2
2.6925; 2
2.6975; 1
2.7025; 4
2.7075; 3
2.7125; 2
2.7175; 5
2.7225; 3
2.7275; 4
2.7325; 4
2.7375; 4
2.7425; 3
2.7475; 1
2.7525; 4
2.7575; 3
2.7625; 2
2.7675; 4
2.7725; 3
2.7775; 3
2.7825; 4
2.7875; 0
2.7925; 3
2.7975; 1
2.8025; 2
2.8075; 4
2.8125; 7
2.8175; 4
2.8225; 3
2.8275; 3
2.8325; 1
2.8375; 1
2.8425; 2
2.8475; 2
2.8525; 3
2.8575; 3
2.8625; 1
2.8675; 2
2.8725; 1
2.8775; 2
2.8825; 0
2.8875; 3
2.8925; 5
2.8975; 5
2.9025; 3
2.9075; 2
2.9125; 1
2.9175; 1
2.9225; 1
2.9275; 4
2.9325; 3
2.9375; 2
2.9425; 3
2.9475; 2
2.9525; 0
2.9575; 3
2.9625; 2
2.9675; 1
2.9725; 3
2.9775; 2
2.9825; 5
2.9875; 2
2.9925; 0
2.9975; 3
3.0025; 1
3.0075; 2
3.0125; 5
3.0175; 4
3.0225; 1
3.0275; 1
3.0325; 1
3.0375; 1
3.0425; 2
3.0475; 1
3.0525; 4
3.0575; 1
3.0625; 2
3.0675; 1
3.0725; 3
3.0775; 2
3.0825; 4
3.0875; 0
3.0925; 2
3.0975; 4
3.1025; 3
3.1075; 3
3.1125; 2
3.1175; 1
3.1225; 1
3.1275; 3
3.1325; 3
3.1375; 2
3.1425; 2
3.1475; 1
3.1525; 3
3.1575; 2
3.1625; 0
3.1675; 2
3.1725; 1
3.1775; 0
3.1825; 2
3.1875; 4
3.1925; 3
3.1975; 0
3.2025; 3
3.2075; 2
3.2125; 5
3.2175; 1
3.2225; 2
3.2275; 2
3.2325; 5
3.2375; 2
3.2425; 4
3.2475; 1
3.2525; 3
3.2575; 0
3.2625; 2
3.2675; 2
3.2725; 2
3.2775; 1
3.2825; 1
3.2875; 1
3.2925; 1
3.2975; 3
3.3025; 2
3.3075; 6
3.3125; 3
3.3175; 2
3.3225; 3
3.3275; 5
3.3325; 1
3.3375; 0
3.3425; 3
3.3475; 1
3.3525; 3
3.3575; 1
3.3625; 1
3.3675; 2
3.3725; 2
3.3775; 2
3.3825; 1
3.3875; 1
3.3925; 3
3.3975; 1
3.4025; 3
3.4075; 0
3.4125; 2
3.4175; 3
3.4225; 2
3.4275; 0
3.4325; 2
3.4375; 0
3.4425; 4
3.4475; 3
3.4525; 1
3.4575; 2
3.4625; 4
3.4675; 1
3.4725; 4
3.4775; 0
3.4825; 1
3.4875; 0
3.4925; 0
3.4975; 2
3.5025; 3
3.5075; 2
3.5125; 1
3.5175; 0
3.5225; 2
3.5275; 1
3.5325; 2
3.5375; 2
3.5425; 1
3.5475; 0
3.5525; 3
3.5575; 2
3.5625; 0
3.5675; 0
3.5725; 2
3.5775; 1
3.5825; 3
3.5875; 2
3.5925; 0
3.5975; 2
3.6025; 2
3.6075; 1
3.6125; 3
3.6175; 1
3.6225; 4
3.6275; 2
3.6325; 2
3.6375; 1
3.6425; 2
3.6475; 2
3.6525; 1
3.6575; 0
3.6625; 1
3.6675; 1
3.6725; 1
3.6775; 2
3.6825; 0
3.6875; 0
3.6925; 3
3.6975; 1
3.7025; 1
3.7075; 2
3.7125; 3
3.7175; 0
3.7225; 2
3.7275; 0
3.7325; 1
3.7375; 1
3.7425; 0
3.7475; 1
3.7525; 2
3.7575; 0
3.7625; 3
3.7675; 0
3.7725; 2
3.7775; 1
3.7825; 2
3.7875; 1
3.7925; 2
3.7975; 3
3.8025; 0
3.8075; 0
3.8125; 0
3.8175; 1
3.8225; 1
3.8275; 2
3.8325; 2
3.8375; 2
3.8425; 1
3.8475; 0
3.8525; 1
3.8575; 0
3.8625; 0
3.8675; 1
3.8725; 1
3.8775; 2
3.8825; 1
3.8875; 1
3.8925; 1
3.8975; 1
3.9025; 2
3.9075; 3
3.9125; 1
3.9175; 0
3.9225; 1
3.9275; 0
3.9325; 2
3.9375; 0
3.9425; 0
3.9475; 1
3.9525; 2
3.9575; 1
3.9625; 1
3.9675; 1
3.9725; 0
3.9775; 1
3.9825; 1
3.9875; 0
3.9925; 2
3.9975; 1
4.0025; 1
4.0075; 2
4.0125; 0
4.0175; 2
4.0225; 1
4.0275; 1
4.0325; 1
4.0375; 0
4.0425; 0
4.0475; 2
4.0525; 0
4.0575; 1
4.0625; 2
4.0675; 2
4.0725; 0
4.0775; 0
4.0825; 3
4.0875; 2
4.0925; 1
4.0975; 2
4.1025; 0
4.1075; 3
4.1125; 2
4.1175; 1
4.1225; 4
4.1275; 0
4.1325; 0
4.1375; 1
4.1425; 1
4.1475; 1
4.1525; 4
4.1575; 0
4.1625; 1
4.1675; 2
4.1725; 0
4.1775; 0
4.1825; 1
4.1875; 0
4.1925; 0
4.1975; 2
4.2025; 2
4.2075; 2
4.2125; 0
4.2175; 0
4.2225; 4
4.2275; 0
4.2325; 1
4.2375; 1
4.2425; 1
4.2475; 1
4.2525; 1
4.2575; 0
4.2625; 0
4.2675; 1
4.2725; 1
4.2775; 1
4.2825; 0
4.2875; 1
4.2925; 0
4.2975; 2
4.3025; 3
4.3075; 2
4.3125; 0
4.3175; 1
4.3225; 0
4.3275; 2
4.3325; 0
4.3375; 1
4.3425; 2
4.3475; 1
4.3525; 1
4.3575; 1
4.3625; 2
4.3675; 1
4.3725; 0
4.3775; 1
4.3825; 0
4.3875; 2
4.3925; 1
4.3975; 1
4.4025; 1
4.4075; 4
4.4125; 0
4.4175; 1
4.4225; 2
4.4275; 0
4.4325; 1
4.4375; 0
4.4425; 2
4.4475; 1
4.4525; 0
4.4575; 2
4.4625; 0
4.4675; 0
4.4725; 2
4.4775; 0
4.4825; 0
4.4875; 1
4.4925; 1
4.4975; 1
4.5025; 1
4.5075; 1
4.5125; 1
4.5175; 0
4.5225; 0
4.5275; 2
4.5325; 1
4.5375; 0
4.5425; 0
4.5475; 2
4.5525; 1
4.5575; 2
4.5625; 1
4.5675; 2
4.5725; 1
4.5775; 2
4.5825; 0
4.5875; 0
4.5925; 0
4.5975; 0
4.6025; 2
4.6075; 2
4.6125; 1
4.6175; 0
4.6225; 1
4.6275; 0
4.6325; 2
4.6375; 0
4.6425; 1
4.6475; 0
4.6525; 2
4.6575; 0
4.6625; 0
4.6675; 0
4.6725; 1
4.6775; 0
4.6825; 1
4.6875; 1
4.6925; 0
4.6975; 0
4.7025; 1
4.7075; 0
4.7125; 2
4.7175; 2
4.7225; 2
4.7275; 0
4.7325; 1
4.7375; 2
4.7425; 0
4.7475; 2
4.7525; 1
4.7575; 1
4.7625; 1
4.7675; 0
4.7725; 4
4.7775; 1
4.7825; 2
4.7875; 1
4.7925; 0
4.7975; 1
4.8025; 1
4.8075; 1
4.8125; 2
4.8175; 1
4.8225; 0
4.8275; 1
4.8325; 0
4.8375; 1
4.8425; 1
4.8475; 0
4.8525; 0
4.8575; 0
4.8625; 0
4.8675; 0
4.8725; 0
4.8775; 1
4.8825; 1
4.8875; 1
4.8925; 1
4.8975; 0
4.9025; 0
4.9075; 1
4.9125; 0
4.9175; 1
4.9225; 1
4.9275; 0
4.9325; 1
4.9375; 0
4.9425; 0
4.9475; 0
4.9525; 2
4.9575; 1
4.9625; 0
4.9675; 0
4.9725; 0
4.9775; 0
4.9825; 0
4.9875; 0
4.9925; 3
