0.025; 10
0.075; 11
0.125; 10
0.175; 10
0.225; 10
0.275; 8
0.325; 8
0.375; 7
0.425; 5
0.475; 8
0.525; 9
0.575; 11
0.625; 1
0.675; 5
0.725; 557
0.775; 6504
0.825; 15238
0.875; 16725
0.925; 13560
0.975; 10014
1.025; 7218
1.075; 5276
1.125; 3904
1.175; 2869
1.225; 2264
1.275; 1832
1.325; 1387
1.375; 1103
1.425; 859
1.475; 784
1.525; 577
1.575; 486
1.625; 412
1.675; 375
1.725; 294
1.775; 235
1.825; 172
1.875; 137
1.925; 121
1.975; 93
2.025; 84
2.075; 93
2.125; 77
2.175; 75
2.225; 53
2.275; 58
2.325; 53
2.375; 51
2.425; 53
2.475; 35
2.525; 38
2.575; 35
2.625; 38
2.675; 41
2.725; 36
2.775; 29
2.825; 28
2.875; 32
2.925; 24
2.975; 26
3.025; 15
3.075; 34
3.125; 22
3.175; 25
3.225; 28
3.275; 19
3.325; 24
3.375; 17
3.425; 18
3.475; 16
3.525; 23
3.575; 26
3.625; 19
3.675; 16
3.725; 20
3.775; 16
3.825; 13
3.875; 9
3.925; 12
3.975; 20
4.025; 18
4.075; 18
4.125; 20
4.175; 21
4.225; 19
4.275; 12
4.325; 12
4.375; 16
4.425; 12
4.475; 11
4.525; 15
4.575; 13
4.625; 17
4.675; 14
4.725; 16
4.775; 22
4.825; 19
4.875; 15
4.925; 19
4.975; 7
5.025; 19
5.075; 10
5.125; 14
5.175; 11
5.225; 17
5.275; 15
5.325; 12
5.375; 10
5.425; 14
5.475; 2
5.525; 7
5.575; 14
5.625; 15
5.675; 8
5.725; 9
5.775; 9
5.825; 13
5.875; 17
5.925; 10
5.975; 8
6.025; 9
6.075; 6
6.125; 16
6.175; 13
6.225; 13
6.275; 10
6.325; 16
6.375; 21
6.425; 12
6.475; 7
6.525; 14
6.575; 11
6.625; 11
6.675; 14
6.725; 12
6.775; 9
6.825; 9
6.875; 9
6.925; 9
6.975; 8
7.025; 10
7.075; 11
7.125; 4
7.175; 6
7.225; 6
7.275; 6
7.325; 11
7.375; 6
7.425; 2
7.475; 4
7.525; 8
7.575; 7
7.625; 10
7.675; 9
7.725; 6
7.775; 5
7.825; 5
7.875; 5
7.925; 4
7.975; 7
8.025; 8
8.075; 7
8.125; 9
8.175; 3
8.225; 11
8.275; 5
8.325; 11
8.375; 6
8.425; 8
8.475; 12
8.525; 6
8.575; 11
8.625; 3
8.675; 6
8.725; 7
8.775; 3
8.825; 12
8.875; 5
8.925; 9
8.975; 6
9.025; 1
9.075; 5
9.125; 2
9.175; 4
9.225; 2
9.275; 4
9.325; 2
9.375; 6
9.425; 6
9.475; 5
9.525; 8
9.575; 5
9.625; 1
9.675; 3
9.725; 4
9.775; 3
9.825; 3
9.875; 6
9.925; 3
9.975; 6
10.025; 8
10.075; 6
10.125; 3
10.175; 3
10.225; 8
10.275; 6
10.325; 5
10.375; 6
10.425; 6
10.475; 4
10.525; 6
10.575; 5
10.625; 4
10.675; 5
10.725; 4
10.775; 5
10.825; 6
10.875; 4
10.925; 1
10.975; 1
11.025; 2
11.075; 4
11.125; 8
11.175; 6
11.225; 2
11.275; 3
11.325; 6
11.375; 5
11.425; 2
11.475; 2
11.525; 1
11.575; 9
11.625; 4
11.675; 4
11.725; 4
11.775; 4
11.825; 3
11.875; 4
11.925; 2
11.975; 2
12.025; 4
12.075; 4
12.125; 4
12.175; 7
12.225; 6
12.275; 0
12.325; 3
12.375; 3
12.425; 2
12.475; 5
12.525; 2
12.575; 2
12.625; 2
12.675; 1
12.725; 1
12.775; 3
12.825; 5
12.875; 1
12.925; 4
12.975; 3
13.025; 6
13.075; 6
13.125; 3
13.175; 1
13.225; 4
13.275; 6
13.325; 3
13.375; 2
13.425; 4
13.475; 2
13.525; 2
13.575; 3
13.625; 6
13.675; 3
13.725; 2
13.775; 7
13.825; 5
13.875; 3
13.925; 2
13.975; 2
14.025; 1
14.075; 4
14.125; 3
14.175; 6
14.225; 3
14.275; 4
14.325; 0
14.375; 5
14.425; 2
14.475; 2
14.525; 4
14.575; 4
14.625; 2
14.675; 3
14.725; 4
14.775; 4
14.825; 3
14.875; 2
14.925; 3
14.975; 2
15.025; 4
15.075; 3
15.125; 2
15.175; 1
15.225; 3
15.275; 4
15.325; 4
15.375; 2
15.425; 4
15.475; 6
15.525; 2
15.575; 1
15.625; 1
15.675; 1
15.725; 2
15.775; 5
15.825; 3
15.875; 0
15.925; 2
15.975; 2
16.025; 4
16.075; 2
16.125; 2
16.175; 5
16.225; 2
16.275; 0
16.325; 0
16.375; 2
16.425; 2
16.475; 4
16.525; 2
16.575; 3
16.625; 4
16.675; 1
16.725; 3
16.775; 1
16.825; 6
16.875; 4
16.925; 1
16.975; 5
17.025; 1
17.075; 1
17.125; 1
17.175; 1
17.225; 3
17.275; 2
17.325; 2
17.375; 1
17.425; 1
17.475; 1
17.525; 1
17.575; 4
17.625; 4
17.675; 1
17.725; 2
17.775; 0
17.825; 4
17.875; 2
17.925; 2
17.975; 0
18.025; 2
18.075; 1
18.125; 1
18.175; 0
18.225; 5
18.275; 3
18.325; 1
18.375; 1
18.425; 0
18.475; 1
18.525; 4
18.575; 1
18.625; 0
18.675; 1
18.725; 3
18.775; 0
18.825; 1
18.875; 3
18.925; 0
18.975; 2
19.025; 0
19.075; 1
19.125; 1
19.175; 3
19.225; 2
19.275; 0
19.325; 1
19.375; 0
19.425; 2
19.475; 2
19.525; 1
19.575; 2
19.625; 2
19.675; 1
19.725; 1
19.775; 2
19.825; 2
19.875; 0
19.925; 1
19.975; 1
20.025; 2
20.075; 3
20.125; 3
20.175; 1
20.225; 2
20.275; 1
20.325; 0
20.375; 3
20.425; 0
20.475; 1
20.525; 1
20.575; 1
20.625; 1
20.675; 3
20.725; 4
20.775; 2
20.825; 1
20.875; 1
20.925; 0
20.975; 1
21.025; 2
21.075; 0
21.125; 0
21.175; 2
21.225; 0
21.275; 0
21.325; 0
21.375; 3
21.425; 0
21.475; 1
21.525; 2
21.575; 1
21.625; 0
21.675; 1
21.725; 1
21.775; 1
21.825; 0
21.875; 0
21.925; 0
21.975; 1
22.025; 1
22.075; 0
22.125; 2
22.175; 0
22.225; 2
22.275; 1
22.325; 2
22.375; 1
22.425; 0
22.475; 1
22.525; 0
22.575; 2
22.625; 2
22.675; 0
22.725; 0
22.775; 0
22.825; 1
22.875; 2
22.925; 1
22.975; 1
23.025; 0
23.075; 2
23.125; 0
23.175; 0
23.225; 2
23.275; 0
23.325; 3
23.375; 2
23.425; 1
23.475; 1
23.525; 2
23.575; 1
23.625; 1
23.675; 2
23.725; 0
23.775; 0
23.825; 1
23.875; 0
23.925; 0
23.975; 1
24.025; 0
24.075; 1
24.125; 1
24.175; 0
24.225; 0
24.275; 0
24.325; 2
24.375; 0
24.425; 0
24.475; 0
24.525; 3
24.575; 2
24.625; 2
24.675; 0
24.725; 0
24.775; 0
24.825; 0
24.875; 0
24.925; 0
24.975; 0
25.025; 0
25.075; 1
25.125; 0
25.175; 1
25.225; 0
25.275; 1
25.325; 0
25.375; 1
25.425; 0
25.475; 1
25.525; 0
25.575; 2
25.625; 2
25.675; 0
25.725; 2
25.775; 1
25.825; 0
25.875; 1
25.925; 0
25.975; 1
26.025; 1
26.075; 1
26.125; 0
26.175; 0
26.225; 1
26.275; 0
26.325; 0
26.375; 0
26.425; 0
26.475; 1
26.525; 2
26.575; 1
26.625; 1
26.675; 1
26.725; 0
26.775; 0
26.825; 1
26.875; 1
26.925; 0
26.975; 0
27.025; 0
27.075; 1
27.125; 0
27.175; 0
27.225; 0
27.275; 0
27.325; 1
27.375; 0
27.425; 1
27.475; 0
27.525; 0
27.575; 1
27.625; 0
27.675; 1
27.725; 0
27.775; 1
27.825; 0
27.875; 0
27.925; 0
27.975; 0
28.025; 0
28.075; 1
28.125; 0
28.175; 0
28.225; 0
28.275; 1
28.325; 1
28.375; 0
28.425; 1
28.475; 3
28.525; 0
28.575; 0
28.625; 0
28.675; 0
28.725; 0
28.775; 1
28.825; 0
28.875; 1
28.925; 0
28.975; 1
29.025; 1
29.075; 2
29.125; 0
29.175; 0
29.225; 1
29.275; 0
29.325; 1
29.375; 0
29.425; 0
29.475; 0
29.525; 1
29.575; 0
29.625; 0
29.675; 0
29.725; 1
29.775; 0
29.825; 0
29.875; 0
29.925; 1
29.975; 0
30.025; 0
30.075; 1
30.125; 0
30.175; 0
30.225; 0
30.275; 1
30.325; 0
30.375; 2
30.425; 0
30.475; 0
30.525; 0
30.575; 0
30.625; 0
30.675; 1
30.725; 0
30.775; 0
30.825; 0
30.875; 1
30.925; 1
30.975; 0
31.025; 1
31.075; 0
31.125; 0
31.175; 0
31.225; 2
31.275; 0
31.325; 0
31.375; 0
31.425; 1
31.475; 0
31.525; 0
31.575; 1
31.625; 2
31.675; 0
31.725; 0
31.775; 0
31.825; 0
31.875; 0
31.925; 2
31.975; 1
32.025; 0
32.075; 0
32.125; 0
32.175; 0
32.225; 0
32.275; 2
32.325; 0
32.375; 0
32.425; 0
32.475; 0
32.525; 0
32.575; 2
32.625; 0
32.675; 0
32.725; 1
32.775; 0
32.825; 0
32.875; 0
32.925; 0
32.975; 1
33.025; 2
33.075; 1
33.125; 0
33.175; 0
33.225; 1
33.275; 0
33.325; 0
33.375; 0
33.425; 0
33.475; 0
33.525; 0
33.575; 1
33.625; 0
33.675; 1
33.725; 0
33.775; 0
33.825; 0
33.875; 0
33.925; 2
33.975; 0
34.025; 0
34.075; 0
34.125; 0
34.175; 0
34.225; 1
34.275; 0
34.325; 0
34.375; 0
34.425; 0
34.475; 0
34.525; 0
34.575; 1
34.625; 0
34.675; 1
34.725; 0
34.775; 0
34.825; 1
34.875; 0
34.925; 0
34.975; 1
35.025; 0
35.075; 0
35.125; 1
35.175; 0
35.225; 0
35.275; 0
35.325; 0
35.375; 0
35.425; 0
35.475; 1
35.525; 0
35.575; 0
35.625; 0
35.675; 0
35.725; 0
35.775; 1
35.825; 1
35.875; 0
35.925; 0
35.975; 0
36.025; 1
36.075; 0
36.125; 0
36.175; 1
36.225; 0
36.275; 0
36.325; 1
36.375; 0
36.425; 0
36.475; 0
36.525; 1
36.575; 0
36.625; 0
36.675; 0
36.725; 0
36.775; 0
36.825; 0
36.875; 0
36.925; 1
36.975; 0
37.025; 0
37.075; 0
37.125; 0
37.175; 0
37.225; 0
37.275; 0
37.325; 1
37.375; 0
37.425; 0
37.475; 0
37.525; 0
37.575; 0
37.625; 0
37.675; 1
37.725; 0
37.775; 0
37.825; 0
37.875; 1
37.925; 1
37.975; 0
38.025; 0
38.075; 0
38.125; 0
38.175; 0
38.225; 0
38.275; 0
38.325; 0
38.375; 1
38.425; 1
38.475; 0
38.525; 0
38.575; 1
38.625; 0
38.675; 2
38.725; 0
38.775; 0
38.825; 0
38.875; 0
38.925; 0
38.975; 0
39.025; 0
39.075; 0
39.125; 0
39.175; 0
39.225; 0
39.275; 1
39.325; 0
39.375; 1
39.425; 1
39.475; 0
39.525; 1
39.575; 0
39.625; 0
39.675; 0
39.725; 0
39.775; 0
39.825; 1
39.875; 0
39.925; 2
39.975; 0
40.025; 0
40.075; 0
40.125; 0
40.175; 0
40.225; 0
40.275; 0
40.325; 0
40.375; 1
40.425; 1
40.475; 0
40.525; 0
40.575; 0
40.625; 0
40.675; 0
40.725; 0
40.775; 0
40.825; 0
40.875; 0
40.925; 0
40.975; 0
41.025; 0
41.075; 0
41.125; 0
41.175; 0
41.225; 0
41.275; 0
41.325; 2
41.375; 0
41.425; 0
41.475; 1
41.525; 0
41.575; 0
41.625; 0
41.675; 1
41.725; 1
41.775; 0
41.825; 0
41.875; 0
41.925; 0
41.975; 0
42.025; 0
42.075; 0
42.125; 0
42.175; 1
42.225; 0
42.275; 0
42.325; 0
42.375; 1
42.425; 1
42.475; 0
42.525; 0
42.575; 0
42.625; 0
42.675; 0
42.725; 0
42.775; 0
42.825; 0
42.875; 0
42.925; 0
42.975; 0
43.025; 0
43.075; 0
43.125; 0
43.175; 0
43.225; 0
43.275; 0
43.325; 0
43.375; 0
43.425; 0
43.475; 0
43.525; 0
43.575; 0
43.625; 0
43.675; 0
43.725; 0
43.775; 0
43.825; 0
43.875; 0
43.925; 0
43.975; 0
44.025; 0
44.075; 0
44.125; 0
44.175; 0
44.225; 0
44.275; 0
44.325; 0
44.375; 0
44.425; 0
44.475; 0
44.525; 0
44.575; 0
44.625; 0
44.675; 1
44.725; 0
44.775; 0
44.825; 0
44.875; 0
44.925; 0
44.975; 0
45.025; 0
45.075; 1
45.125; 0
45.175; 0
45.225; 0
45.275; 0
45.325; 0
45.375; 0
45.425; 0
45.475; 0
45.525; 0
45.575; 0
45.625; 0
45.675; 0
45.725; 0
45.775; 0
45.825; 0
45.875; 0
45.925; 0
45.975; 0
46.025; 0
46.075; 1
46.125; 0
46.175; 0
46.225; 0
46.275; 2
46.325; 0
46.375; 0
46.425; 0
46.475; 0
46.525; 0
46.575; 0
46.625; 0
46.675; 1
46.725; 0
46.775; 0
46.825; 0
46.875; 0
46.925; 0
46.975; 0
47.025; 0
47.075; 0
47.125; 0
47.175; 1
47.225; 0
47.275; 0
47.325; 0
47.375; 0
47.425; 0
47.475; 0
47.525; 0
47.575; 0
47.625; 0
47.675; 0
47.725; 0
47.775; 0
47.825; 0
47.875; 0
47.925; 0
47.975; 1
48.025; 0
48.075; 0
48.125; 1
48.175; 0
48.225; 0
48.275; 0
48.325; 0
48.375; 0
48.425; 0
48.475; 0
48.525; 0
48.575; 0
48.625; 0
48.675; 0
48.725; 0
48.775; 0
48.825; 0
48.875; 0
48.925; 0
48.975; 0
49.025; 0
49.075; 0
49.125; 0
49.175; 0
49.225; 0
49.275; 0
49.325; 0
49.375; 0
49.425; 0
49.475; 0
49.525; 0
49.575; 0
49.625; 0
49.675; 0
49.725; 0
49.775; 0
49.825; 0
49.875; 0
49.925; 0
