0.0025; 46
0.0075; 43
0.0125; 30
0.0175; 43
0.0225; 24
0.0275; 40
0.0325; 39
0.0375; 33
0.0425; 38
0.0475; 43
0.0525; 22
0.0575; 27
0.0625; 34
0.0675; 33
0.0725; 24
0.0775; 46
0.0825; 37
0.0875; 32
0.0925; 26
0.0975; 33
0.1025; 32
0.1075; 25
0.1125; 31
0.1175; 33
0.1225; 30
0.1275; 26
0.1325; 32
0.1375; 22
0.1425; 23
0.1475; 22
0.1525; 34
0.1575; 29
0.1625; 36
0.1675; 45
0.1725; 34
0.1775; 37
0.1825; 32
0.1875; 35
0.1925; 27
0.1975; 27
0.2025; 26
0.2075; 30
0.2125; 33
0.2175; 24
0.2225; 29
0.2275; 38
0.2325; 27
0.2375; 24
0.2425; 21
0.2475; 27
0.2525; 25
0.2575; 33
0.2625; 24
0.2675; 25
0.2725; 37
0.2775; 32
0.2825; 30
0.2875; 34
0.2925; 32
0.2975; 27
0.3025; 25
0.3075; 29
0.3125; 41
0.3175; 35
0.3225; 20
0.3275; 32
0.3325; 26
0.3375; 30
0.3425; 27
0.3475; 26
0.3525; 15
0.3575; 35
0.3625; 31
0.3675; 26
0.3725; 26
0.3775; 32
0.3825; 27
0.3875; 32
0.3925; 31
0.3975; 36
0.4025; 33
0.4075; 30
0.4125; 27
0.4175; 22
0.4225; 35
0.4275; 30
0.4325; 25
0.4375; 30
0.4425; 40
0.4475; 42
0.4525; 33
0.4575; 60
0.4625; 40
0.4675; 48
0.4725; 53
0.4775; 60
0.4825; 57
0.4875; 76
0.4925; 57
0.4975; 65
0.5025; 77
0.5075; 72
0.5125; 81
0.5175; 87
0.5225; 99
0.5275; 86
0.5325; 95
0.5375; 108
0.5425; 88
0.5475; 105
0.5525; 112
0.5575; 82
0.5625; 100
0.5675; 112
0.5725; 102
0.5775; 110
0.5825; 109
0.5875; 120
0.5925; 110
0.5975; 110
0.6025; 109
0.6075; 115
0.6125; 105
0.6175; 113
0.6225; 91
0.6275; 101
0.6325; 84
0.6375; 98
0.6425; 110
0.6475; 89
0.6525; 100
0.6575; 112
0.6625; 107
0.6675; 92
0.6725; 89
0.6775; 101
0.6825; 96
0.6875; 77
0.6925; 99
0.6975; 113
0.7025; 110
0.7075; 89
0.7125; 81
0.7175; 77
0.7225; 95
0.7275; 89
0.7325; 92
0.7375; 72
0.7425; 79
0.7475; 89
0.7525; 88
0.7575; 70
0.7625; 74
0.7675; 62
0.7725; 85
0.7775; 66
0.7825; 86
0.7875; 74
0.7925; 75
0.7975; 60
0.8025; 69
0.8075; 62
0.8125; 70
0.8175; 63
0.8225; 69
0.8275; 63
0.8325; 72
0.8375; 71
0.8425; 65
0.8475; 49
0.8525; 64
0.8575; 58
0.8625; 60
0.8675; 65
0.8725; 52
0.8775; 74
0.8825; 52
0.8875; 61
0.8925; 47
0.8975; 45
0.9025; 53
0.9075; 68
0.9125; 46
0.9175; 58
0.9225; 55
0.9275; 59
0.9325; 56
0.9375; 56
0.9425; 47
0.9475; 39
0.9525; 53
0.9575; 37
0.9625; 50
0.9675; 41
0.9725; 47
0.9775; 54
0.9825; 35
0.9875; 31
0.9925; 40
0.9975; 36
1.0025; 50
1.0075; 40
1.0125; 34
1.0175; 36
1.0225; 44
1.0275; 30
1.0325; 42
1.0375; 58
1.0425; 38
1.0475; 39
1.0525; 30
1.0575; 41
1.0625; 40
1.0675; 36
1.0725; 30
1.0775; 33
1.0825; 35
1.0875; 37
1.0925; 31
1.0975; 32
1.1025; 32
1.1075; 29
1.1125; 33
1.1175; 32
1.1225; 32
1.1275; 33
1.1325; 42
1.1375; 33
1.1425; 33
1.1475; 30
1.1525; 29
1.1575; 27
1.1625; 42
1.1675; 35
1.1725; 27
1.1775; 38
1.1825; 43
1.1875; 32
1.1925; 28
1.1975; 34
1.2025; 24
1.2075; 37
1.2125; 26
1.2175; 30
1.2225; 32
1.2275; 23
1.2325; 26
1.2375; 29
1.2425; 26
1.2475; 28
1.2525; 20
1.2575; 23
1.2625; 27
1.2675; 23
1.2725; 18
1.2775; 20
1.2825; 30
1.2875; 33
1.2925; 29
1.2975; 23
1.3025; 22
1.3075; 20
1.3125; 16
1.3175; 25
1.3225; 22
1.3275; 26
1.3325; 21
1.3375; 24
1.3425; 22
1.3475; 25
1.3525; 22
1.3575; 16
1.3625; 21
1.3675; 18
1.3725; 20
1.3775; 23
1.3825; 13
1.3875; 23
1.3925; 21
1.3975; 15
1.4025; 26
1.4075; 15
1.4125; 25
1.4175; 18
1.4225; 26
1.4275; 14
1.4325; 25
1.4375; 23
1.4425; 14
1.4475; 18
1.4525; 14
1.4575; 15
1.4625; 15
1.4675; 26
1.4725; 16
1.4775; 24
1.4825; 17
1.4875; 15
1.4925; 20
1.4975; 14
1.5025; 19
1.5075; 14
1.5125; 20
1.5175; 13
1.5225; 16
1.5275; 20
1.5325; 20
1.5375; 11
1.5425; 16
1.5475; 11
1.5525; 19
1.5575; 19
1.5625; 22
1.5675; 15
1.5725; 13
1.5775; 17
1.5825; 14
1.5875; 17
1.5925; 18
1.5975; 18
1.6025; 15
1.6075; 14
1.6125; 7
1.6175; 12
1.6225; 16
1.6275; 14
1.6325; 11
1.6375; 13
1.6425; 7
1.6475; 17
1.6525; 13
1.6575; 8
1.6625; 16
1.6675; 22
1.6725; 17
1.6775; 13
1.6825; 5
1.6875; 8
1.6925; 20
1.6975; 11
1.7025; 20
1.7075; 15
1.7125; 11
1.7175; 8
1.7225; 16
1.7275; 9
1.7325; 10
1.7375; 18
1.7425; 7
1.7475; 19
1.7525; 14
1.7575; 13
1.7625; 8
1.7675; 21
1.7725; 10
1.7775; 5
1.7825; 10
1.7875; 15
1.7925; 7
1.7975; 13
1.8025; 8
1.8075; 10
1.8125; 14
1.8175; 10
1.8225; 13
1.8275; 13
1.8325; 9
1.8375; 13
1.8425; 15
1.8475; 16
1.8525; 7
1.8575; 9
1.8625; 4
1.8675; 13
1.8725; 8
1.8775; 11
1.8825; 9
1.8875; 10
1.8925; 9
1.8975; 8
1.9025; 9
1.9075; 13
1.9125; 7
1.9175; 12
1.9225; 13
1.9275; 10
1.9325; 7
1.9375; 10
1.9425; 5
1.9475; 16
1.9525; 8
1.9575; 10
1.9625; 12
1.9675; 6
1.9725; 13
1.9775; 4
1.9825; 14
1.9875; 10
1.9925; 4
1.9975; 12
2.0025; 12
2.0075; 6
2.0125; 7
2.0175; 9
2.0225; 7
2.0275; 15
2.0325; 10
2.0375; 5
2.0425; 7
2.0475; 9
2.0525; 13
2.0575; 13
2.0625; 9
2.0675; 5
2.0725; 7
2.0775; 10
2.0825; 6
2.0875; 3
2.0925; 10
2.0975; 7
2.1025; 5
2.1075; 9
2.1125; 6
2.1175; 6
2.1225; 10
2.1275; 9
2.1325; 5
2.1375; 14
2.1425; 7
2.1475; 8
2.1525; 8
2.1575; 9
2.1625; 6
2.1675; 8
2.1725; 15
2.1775; 9
2.1825; 5
2.1875; 11
2.1925; 10
2.1975; 5
2.2025; 8
2.2075; 7
2.2125; 9
2.2175; 15
2.2225; 6
2.2275; 8
2.2325; 9
2.2375; 3
2.2425; 2
2.2475; 9
2.2525; 11
2.2575; 9
2.2625; 13
2.2675; 14
2.2725; 7
2.2775; 8
2.2825; 8
2.2875; 8
2.2925; 4
2.2975; 3
2.3025; 5
2.3075; 3
2.3125; 4
2.3175; 4
2.3225; 4
2.3275; 7
2.3325; 5
2.3375; 7
2.3425; 6
2.3475; 7
2.3525; 5
2.3575; 11
2.3625; 5
2.3675; 5
2.3725; 3
2.3775; 5
2.3825; 3
2.3875; 5
2.3925; 3
2.3975; 10
2.4025; 8
2.4075; 5
2.4125; 7
2.4175; 3
2.4225; 6
2.4275; 7
2.4325; 8
2.4375; 4
2.4425; 4
2.4475; 7
2.4525; 2
2.4575; 3
2.4625; 2
2.4675; 6
2.4725; 6
2.4775; 3
2.4825; 6
2.4875; 2
2.4925; 4
2.4975; 6
2.5025; 7
2.5075; 4
2.5125; 3
2.5175; 6
2.5225; 5
2.5275; 8
2.5325; 5
2.5375; 6
2.5425; 7
2.5475; 5
2.5525; 8
2.5575; 4
2.5625; 6
2.5675; 9
2.5725; 4
2.5775; 4
2.5825; 3
2.5875; 7
2.5925; 3
2.5975; 5
2.6025; 4
2.6075; 2
2.6125; 4
2.6175; 5
2.6225; 4
2.6275; 6
2.6325; 9
2.6375; 2
2.6425; 5
2.6475; 5
2.6525; 4
2.6575; 4
2.6625; 6
2.6675; 7
2.6725; 8
2.6775; 3
2.6825; 5
2.6875; 3
2.6925; 4
2.6975; 6
2.7025; 6
2.7075; 3
2.7125; 7
2.7175; 3
2.7225; 3
2.7275; 3
2.7325; 4
2.7375; 4
2.7425; 3
2.7475; 4
2.7525; 2
2.7575; 3
2.7625; 11
2.7675; 3
2.7725; 5
2.7775; 5
2.7825; 1
2.7875; 3
2.7925; 6
2.7975; 3
2.8025; 1
2.8075; 5
2.8125; 1
2.8175; 6
2.8225; 3
2.8275; 2
2.8325; 6
2.8375; 4
2.8425; 9
2.8475; 3
2.8525; 4
2.8575; 5
2.8625; 5
2.8675; 6
2.8725; 2
2.8775; 2
2.8825; 5
2.8875; 5
2.8925; 3
2.8975; 2
2.9025; 11
2.9075; 4
2.9125; 3
2.9175; 3
2.9225; 7
2.9275; 2
2.9325; 2
2.9375; 5
2.9425; 3
2.9475; 4
2.9525; 1
2.9575; 1
2.9625; 4
2.9675; 3
2.9725; 5
2.9775; 4
2.9825; 1
2.9875; 3
2.9925; 4
2.9975; 5
3.0025; 6
3.0075; 5
3.0125; 6
3.0175; 7
3.0225; 1
3.0275; 3
3.0325; 3
3.0375; 2
3.0425; 4
3.0475; 3
3.0525; 3
3.0575; 3
3.0625; 3
3.0675; 4
3.0725; 5
3.0775; 2
3.0825; 4
3.0875; 4
3.0925; 3
3.0975; 3
3.1025; 4
3.1075; 0
3.1125; 3
3.1175; 4
3.1225; 4
3.1275; 1
3.1325; 2
3.1375; 2
3.1425; 5
3.1475; 4
3.1525; 4
3.1575; 2
3.1625; 5
3.1675; 0
3.1725; 3
3.1775; 4
3.1825; 5
3.1875; 3
3.1925; 6
3.1975; 3
3.2025; 3
3.2075; 3
3.2125; 5
3.2175; 3
3.2225; 2
3.2275; 4
3.2325; 2
3.2375; 4
3.2425; 3
3.2475; 3
3.2525; 3
3.2575; 3
3.2625; 3
3.2675; 3
3.2725; 1
3.2775; 0
3.2825; 0
3.2875; 7
3.2925; 3
3.2975; 1
3.3025; 3
3.3075; 2
3.3125; 2
3.3175; 4
3.3225; 2
3.3275; 0
3.3325; 6
3.3375; 5
3.3425; 3
3.3475; 3
3.3525; 3
3.3575; 1
3.3625; 6
3.3675; 1
3.3725; 1
3.3775; 1
3.3825; 2
3.3875; 3
3.3925; 2
3.3975; 2
3.4025; 2
3.4075; 2
3.4125; 4
3.4175; 3
3.4225; 5
3.4275; 0
3.4325; 1
3.4375; 3
3.4425; 1
3.4475; 1
3.4525; 4
3.4575; 4
3.4625; 1
3.4675; 3
3.4725; 3
3.4775; 3
3.4825; 5
3.4875; 3
3.4925; 8
3.4975; 1
3.5025; 1
3.5075; 2
3.5125; 2
3.5175; 4
3.5225; 3
3.5275; 1
3.5325; 3
3.5375; 4
3.5425; 2
3.5475; 5
3.5525; 0
3.5575; 5
3.5625; 2
3.5675; 8
3.5725; 6
3.5775; 3
3.5825; 3
3.5875; 3
3.5925; 2
3.5975; 1
3.6025; 4
3.6075; 2
3.6125; 4
3.6175; 4
3.6225; 1
3.6275; 1
3.6325; 3
3.6375; 4
3.6425; 3
3.6475; 3
3.6525; 3
3.6575; 1
3.6625; 1
3.6675; 4
3.6725; 4
3.6775; 2
3.6825; 4
3.6875; 3
3.6925; 5
3.6975; 2
3.7025; 3
3.7075; 4
3.7125; 4
3.7175; 3
3.7225; 0
3.7275; 4
3.7325; 5
3.7375; 1
3.7425; 1
3.7475; 1
3.7525; 2
3.7575; 4
3.7625; 3
3.7675; 5
3.7725; 2
3.7775; 0
3.7825; 1
3.7875; 2
3.7925; 5
3.7975; 3
3.8025; 3
3.8075; 1
3.8125; 2
3.8175; 1
3.8225; 1
3.8275; 6
3.8325; 5
3.8375; 3
3.8425; 0
3.8475; 0
3.8525; 5
3.8575; 2
3.8625; 0
3.8675; 3
3.8725; 5
3.8775; 1
3.8825; 3
3.8875; 2
3.8925; 3
3.8975; 1
3.9025; 2
3.9075; 1
3.9125; 3
3.9175; 1
3.9225; 4
3.9275; 5
3.9325; 5
3.9375; 1
3.9425; 1
3.9475; 3
3.9525; 2
3.9575; 2
3.9625; 3
3.9675; 3
3.9725; 4
3.9775; 1
3.9825; 3
3.9875; 4
3.9925; 2
3.9975; 4
4.0025; 4
4.0075; 3
4.0125; 6
4.0175; 3
4.0225; 0
4.0275; 3
4.0325; 2
4.0375; 1
4.0425; 2
4.0475; 1
4.0525; 2
4.0575; 1
4.0625; 1
4.0675; 4
4.0725; 2
4.0775; 3
4.0825; 1
4.0875; 3
4.0925; 1
4.0975; 3
4.1025; 2
4.1075; 1
4.1125; 0
4.1175; 1
4.1225; 2
4.1275; 4
4.1325; 6
4.1375; 3
4.1425; 1
4.1475; 3
4.1525; 3
4.1575; 0
4.1625; 0
4.1675; 1
4.1725; 2
4.1775; 4
4.1825; 2
4.1875; 0
4.1925; 2
4.1975; 2
4.2025; 0
4.2075; 0
4.2125; 1
4.2175; 1
4.2225; 2
4.2275; 1
4.2325; 2
4.2375; 5
4.2425; 1
4.2475; 2
4.2525; 2
4.2575; 1
4.2625; 1
4.2675; 3
4.2725; 2
4.2775; 3
4.2825; 4
4.2875; 1
4.2925; 2
4.2975; 2
4.3025; 0
4.3075; 0
4.3125; 4
4.3175; 1
4.3225; 5
4.3275; 0
4.3325; 1
4.3375; 0
4.3425; 2
4.3475; 2
4.3525; 2
4.3575; 1
4.3625; 1
4.3675; 1
4.3725; 1
4.3775; 1
4.3825; 1
4.3875; 3
4.3925; 1
4.3975; 0
4.4025; 3
4.4075; 3
4.4125; 1
4.4175; 1
4.4225; 1
4.4275; 0
4.4325; 5
4.4375; 4
4.4425; 0
4.4475; 0
4.4525; 2
4.4575; 1
4.4625; 0
4.4675; 0
4.4725; 2
4.4775; 1
4.4825; 4
4.4875; 5
4.4925; 0
4.4975; 2
4.5025; 6
4.5075; 1
4.5125; 2
4.5175; 1
4.5225; 1
4.5275; 0
4.5325; 4
4.5375; 0
4.5425; 4
4.5475; 0
4.5525; 0
4.5575; 0
4.5625; 1
4.5675; 1
4.5725; 1
4.5775; 2
4.5825; 2
4.5875; 0
4.5925; 1
4.5975; 3
4.6025; 1
4.6075; 1
4.6125; 3
4.6175; 1
4.6225; 1
4.6275; 2
4.6325; 2
4.6375; 2
4.6425; 1
4.6475; 0
4.6525; 3
4.6575; 1
4.6625; 2
4.6675; 2
4.6725; 1
4.6775; 2
4.6825; 2
4.6875; 1
4.6925; 2
4.6975; 2
4.7025; 4
4.7075; 1
4.7125; 2
4.7175; 2
4.7225; 3
4.7275; 2
4.7325; 1
4.7375; 0
4.7425; 3
4.7475; 0
4.7525; 1
4.7575; 1
4.7625; 0
4.7675; 0
4.7725; 0
4.7775; 2
4.7825; 3
4.7875; 1
4.7925; 3
4.7975; 2
4.8025; 1
4.8075; 0
4.8125; 0
4.8175; 1
4.8225; 1
4.8275; 1
4.8325; 2
4.8375; 1
4.8425; 0
4.8475; 0
4.8525; 2
4.8575; 0
4.8625; 1
4.8675; 2
4.8725; 2
4.8775; 0
4.8825; 0
4.8875; 1
4.8925; 0
4.8975; 1
4.9025; 2
4.9075; 1
4.9125; 1
4.9175; 0
4.9225; 1
4.9275; 0
4.9325; 2
4.9375; 0
4.9425; 0
4.9475; 1
4.9525; 1
4.9575; 2
4.9625; 1
4.9675; 1
4.9725; 1
4.9775; 0
4.9825; 0
4.9875; 0
4.9925; 1
