0.025; 20
0.075; 15
0.125; 10
0.175; 16
0.225; 14
0.275; 4
0.325; 5
0.375; 9
0.425; 7
0.475; 12
0.525; 12
0.575; 7
0.625; 348
0.675; 6543
0.725; 17260
0.775; 18089
0.825; 13642
0.875; 9396
0.925; 6635
0.975; 4868
1.025; 3364
1.075; 2634
1.125; 1953
1.175; 1569
1.225; 1244
1.275; 983
1.325; 835
1.375; 686
1.425; 549
1.475; 453
1.525; 427
1.575; 282
1.625; 269
1.675; 213
1.725; 211
1.775; 182
1.825; 140
1.875; 113
1.925; 101
1.975; 104
2.025; 90
2.075; 80
2.125; 57
2.175; 57
2.225; 56
2.275; 49
2.325; 41
2.375; 48
2.425; 40
2.475; 38
2.525; 42
2.575; 43
2.625; 26
2.675; 36
2.725; 42
2.775; 31
2.825; 37
2.875; 26
2.925; 27
2.975; 28
3.025; 30
3.075; 25
3.125; 27
3.175; 23
3.225; 24
3.275; 24
3.325; 25
3.375; 15
3.425; 36
3.475; 29
3.525; 26
3.575; 19
3.625; 28
3.675; 31
3.725; 24
3.775; 27
3.825; 22
3.875; 21
3.925; 38
3.975; 21
4.025; 19
4.075; 18
4.125; 16
4.175; 33
4.225; 30
4.275; 22
4.325; 23
4.375; 21
4.425; 27
4.475; 22
4.525; 22
4.575; 24
4.625; 6
4.675; 20
4.725; 19
4.775; 21
4.825; 26
4.875; 22
4.925; 16
4.975; 24
5.025; 18
5.075; 16
5.125; 17
5.175; 17
5.225; 20
5.275; 12
5.325; 16
5.375; 8
5.425; 23
5.475; 16
5.525; 11
5.575; 18
5.625; 9
5.675; 15
5.725; 9
5.775; 11
5.825; 9
5.875; 12
5.925; 19
5.975; 10
6.025; 15
6.075; 8
6.125; 11
6.175; 11
6.225; 13
6.275; 11
6.325; 8
6.375; 10
6.425; 10
6.475; 7
6.525; 9
6.575; 11
6.625; 11
6.675; 8
6.725; 9
6.775; 10
6.825; 14
6.875; 12
6.925; 13
6.975; 13
7.025; 11
7.075; 8
7.125; 9
7.175; 15
7.225; 8
7.275; 8
7.325; 9
7.375; 3
7.425; 10
7.475; 14
7.525; 9
7.575; 10
7.625; 3
7.675; 3
7.725; 8
7.775; 13
7.825; 7
7.875; 9
7.925; 6
7.975; 7
8.025; 12
8.075; 9
8.125; 4
8.175; 5
8.225; 7
8.275; 4
8.325; 8
8.375; 4
8.425; 7
8.475; 4
8.525; 7
8.575; 6
8.625; 6
8.675; 6
8.725; 7
8.775; 4
8.825; 5
8.875; 3
8.925; 9
8.975; 5
9.025; 4
9.075; 3
9.125; 13
9.175; 9
9.225; 4
9.275; 4
9.325; 5
9.375; 5
9.425; 7
9.475; 6
9.525; 5
9.575; 6
9.625; 3
9.675; 5
9.725; 4
9.775; 2
9.825; 3
9.875; 3
9.925; 4
9.975; 9
10.025; 8
10.075; 5
10.125; 9
10.175; 7
10.225; 7
10.275; 6
10.325; 3
10.375; 7
10.425; 7
10.475; 5
10.525; 4
10.575; 8
10.625; 5
10.675; 4
10.725; 1
10.775; 7
10.825; 5
10.875; 4
10.925; 6
10.975; 6
11.025; 1
11.075; 4
11.125; 5
11.175; 8
11.225; 4
11.275; 5
11.325; 5
11.375; 1
11.425; 6
11.475; 3
11.525; 3
11.575; 10
11.625; 4
11.675; 4
11.725; 2
11.775; 2
11.825; 1
11.875; 3
11.925; 3
11.975; 3
12.025; 4
12.075; 4
12.125; 5
12.175; 2
12.225; 1
12.275; 5
12.325; 0
12.375; 4
12.425; 4
12.475; 3
12.525; 4
12.575; 1
12.625; 4
12.675; 2
12.725; 2
12.775; 5
12.825; 3
12.875; 4
12.925; 2
12.975; 1
13.025; 2
13.075; 2
13.125; 5
13.175; 4
13.225; 4
13.275; 6
13.325; 0
13.375; 4
13.425; 3
13.475; 6
13.525; 3
13.575; 2
13.625; 2
13.675; 4
13.725; 3
13.775; 6
13.825; 2
13.875; 5
13.925; 1
13.975; 3
14.025; 6
14.075; 2
14.125; 4
14.175; 2
14.225; 2
14.275; 5
14.325; 1
14.375; 1
14.425; 3
14.475; 2
14.525; 2
14.575; 3
14.625; 3
14.675; 1
14.725; 2
14.775; 4
14.825; 4
14.875; 2
14.925; 3
14.975; 1
15.025; 0
15.075; 5
15.125; 4
15.175; 1
15.225; 2
15.275; 0
15.325; 1
15.375; 2
15.425; 4
15.475; 4
15.525; 3
15.575; 3
15.625; 0
15.675; 0
15.725; 5
15.775; 1
15.825; 3
15.875; 5
15.925; 5
15.975; 1
16.025; 0
16.075; 5
16.125; 1
16.175; 5
16.225; 2
16.275; 0
16.325; 4
16.375; 4
16.425; 3
16.475; 2
16.525; 0
16.575; 1
16.625; 4
16.675; 2
16.725; 1
16.775; 5
16.825; 2
16.875; 2
16.925; 1
16.975; 1
17.025; 2
17.075; 3
17.125; 2
17.175; 2
17.225; 3
17.275; 3
17.325; 0
17.375; 4
17.425; 1
17.475; 1
17.525; 5
17.575; 0
17.625; 1
17.675; 3
17.725; 3
17.775; 1
17.825; 3
17.875; 4
17.925; 2
17.975; 1
18.025; 1
18.075; 1
18.125; 2
18.175; 2
18.225; 0
18.275; 2
18.325; 1
18.375; 1
18.425; 1
18.475; 0
18.525; 3
18.575; 2
18.625; 1
18.675; 3
18.725; 1
18.775; 2
18.825; 0
18.875; 2
18.925; 2
18.975; 2
19.025; 1
19.075; 1
19.125; 1
19.175; 2
19.225; 4
19.275; 0
19.325; 4
19.375; 0
19.425; 5
19.475; 2
19.525; 1
19.575; 0
19.625; 2
19.675; 0
19.725; 2
19.775; 3
19.825; 2
19.875; 2
19.925; 1
19.975; 1
20.025; 5
20.075; 3
20.125; 2
20.175; 2
20.225; 0
20.275; 2
20.325; 0
20.375; 2
20.425; 1
20.475; 1
20.525; 3
20.575; 0
20.625; 1
20.675; 1
20.725; 2
20.775; 3
20.825; 4
20.875; 2
20.925; 0
20.975; 1
21.025; 1
21.075; 0
21.125; 0
21.175; 1
21.225; 3
21.275; 0
21.325; 1
21.375; 1
21.425; 1
21.475; 3
21.525; 1
21.575; 0
21.625; 2
21.675; 0
21.725; 0
21.775; 0
21.825; 1
21.875; 0
21.925; 2
21.975; 5
22.025; 2
22.075; 2
22.125; 2
22.175; 1
22.225; 2
22.275; 0
22.325; 2
22.375; 1
22.425; 0
22.475; 0
22.525; 1
22.575; 2
22.625; 2
22.675; 0
22.725; 0
22.775; 1
22.825; 1
22.875; 1
22.925; 0
22.975; 1
23.025; 0
23.075; 1
23.125; 3
23.175; 0
23.225; 0
23.275; 2
23.325; 0
23.375; 2
23.425; 0
23.475; 1
23.525; 0
23.575; 0
23.625; 2
23.675; 0
23.725; 0
23.775; 1
23.825; 0
23.875; 1
23.925; 1
23.975; 1
24.025; 2
24.075; 1
24.125; 1
24.175; 0
24.225; 0
24.275; 2
24.325; 1
24.375; 1
24.425; 1
24.475; 0
24.525; 0
24.575; 2
24.625; 2
24.675; 0
24.725; 0
24.775; 2
24.825; 1
24.875; 0
24.925; 1
24.975; 2
25.025; 2
25.075; 3
25.125; 0
25.175; 4
25.225; 1
25.275; 0
25.325; 0
25.375; 0
25.425; 1
25.475; 0
25.525; 1
25.575; 0
25.625; 0
25.675; 1
25.725; 0
25.775; 1
25.825; 0
25.875; 0
25.925; 1
25.975; 2
26.025; 0
26.075; 2
26.125; 2
26.175; 1
26.225; 0
26.275; 0
26.325; 2
26.375; 1
26.425; 0
26.475; 0
26.525; 1
26.575; 0
26.625; 0
26.675; 1
26.725; 1
26.775; 1
26.825; 0
26.875; 0
26.925; 1
26.975; 1
27.025; 1
27.075; 0
27.125; 0
27.175; 0
27.225; 0
27.275; 0
27.325; 0
27.375; 0
27.425; 0
27.475; 2
27.525; 0
27.575; 0
27.625; 1
27.675; 1
27.725; 0
27.775; 1
27.825; 0
27.875; 0
27.925; 1
27.975; 2
28.025; 0
28.075; 0
28.125; 1
28.175; 0
28.225; 3
28.275; 0
28.325; 0
28.375; 1
28.425; 0
28.475; 2
28.525; 0
28.575; 2
28.625; 1
28.675; 1
28.725; 1
28.775; 2
28.825; 3
28.875; 1
28.925; 3
28.975; 1
29.025; 0
29.075; 0
29.125; 0
29.175; 0
29.225; 0
29.275; 0
29.325; 3
29.375; 0
29.425; 0
29.475; 1
29.525; 1
29.575; 0
29.625; 1
29.675; 1
29.725; 0
29.775; 1
29.825; 0
29.875; 0
29.925; 0
29.975; 1
30.025; 1
30.075; 2
30.125; 0
30.175; 0
30.225; 0
30.275; 0
30.325; 0
30.375; 0
30.425; 0
30.475; 0
30.525; 1
30.575; 0
30.625; 0
30.675; 1
30.725; 0
30.775; 0
30.825; 1
30.875; 1
30.925; 0
30.975; 1
31.025; 1
31.075; 0
31.125; 0
31.175; 3
31.225; 1
31.275; 0
31.325; 0
31.375; 1
31.425; 1
31.475; 0
31.525; 1
31.575; 0
31.625; 0
31.675; 0
31.725; 0
31.775; 1
31.825; 0
31.875; 2
31.925; 0
31.975; 0
32.025; 0
32.075; 0
32.125; 0
32.175; 1
32.225; 0
32.275; 1
32.325; 0
32.375; 1
32.425; 0
32.475; 0
32.525; 1
32.575; 0
32.625; 1
32.675; 0
32.725; 1
32.775; 0
32.825; 0
32.875; 0
32.925; 0
32.975; 0
33.025; 2
33.075; 1
33.125; 0
33.175; 0
33.225; 0
33.275; 1
33.325; 1
33.375; 0
33.425; 0
33.475; 2
33.525; 0
33.575; 0
33.625; 1
33.675; 0
33.725; 0
33.775; 0
33.825; 0
33.875; 0
33.925; 0
33.975; 0
34.025; 0
34.075; 1
34.125; 0
34.175; 0
34.225; 1
34.275; 1
34.325; 0
34.375; 1
34.425; 0
34.475; 0
34.525; 0
34.575; 0
34.625; 0
34.675; 0
34.725; 0
34.775; 0
34.825; 1
34.875; 0
34.925; 0
34.975; 1
35.025; 1
35.075; 1
35.125; 0
35.175; 0
35.225; 0
35.275; 0
35.325; 0
35.375; 0
35.425; 1
35.475; 0
35.525; 1
35.575; 0
35.625; 0
35.675; 0
35.725; 0
35.775; 0
35.825; 0
35.875; 0
35.925; 0
35.975; 0
36.025; 1
36.075; 0
36.125; 2
36.175; 0
36.225; 0
36.275; 0
36.325; 1
36.375; 1
36.425; 0
36.475; 0
36.525; 1
36.575; 0
36.625; 0
36.675; 0
36.725; 0
36.775; 0
36.825; 0
36.875; 0
36.925; 0
36.975; 0
37.025; 0
37.075; 0
37.125; 0
37.175; 0
37.225; 0
37.275; 1
37.325; 0
37.375; 0
37.425; 0
37.475; 0
37.525; 0
37.575; 0
37.625; 0
37.675; 0
37.725; 0
37.775; 0
37.825; 0
37.875; 0
37.925; 0
37.975; 0
38.025; 1
38.075; 1
38.125; 0
38.175; 0
38.225; 1
38.275; 0
38.325; 0
38.375; 0
38.425; 0
38.475; 0
38.525; 1
38.575; 0
38.625; 0
38.675; 0
38.725; 0
38.775; 0
38.825; 0
38.875; 0
38.925; 1
38.975; 0
39.025; 0
39.075; 0
39.125; 0
39.175; 0
39.225; 1
39.275; 0
39.325; 1
39.375; 0
39.425; 1
39.475; 0
39.525; 0
39.575; 1
39.625; 0
39.675; 0
39.725; 1
39.775; 0
39.825; 0
39.875; 0
39.925; 1
39.975; 0
40.025; 0
40.075; 0
40.125; 0
40.175; 0
40.225; 0
40.275; 0
40.325; 0
40.375; 0
40.425; 0
40.475; 0
40.525; 0
40.575; 0
40.625; 1
40.675; 0
40.725; 0
40.775; 0
40.825; 0
40.875; 0
40.925; 0
40.975; 0
41.025; 0
41.075; 1
41.125; 0
41.175; 0
41.225; 0
41.275; 0
41.325; 0
41.375; 1
41.425; 0
41.475; 0
41.525; 0
41.575; 0
41.625; 0
41.675; 0
41.725; 0
41.775; 0
41.825; 0
41.875; 0
41.925; 0
41.975; 0
42.025; 0
42.075; 1
42.125; 1
42.175; 0
42.225; 0
42.275; 0
42.325; 0
42.375; 0
42.425; 0
42.475; 0
42.525; 0
42.575; 0
42.625; 0
42.675; 0
42.725; 0
42.775; 0
42.825; 0
42.875; 0
42.925; 0
42.975; 0
43.025; 0
43.075; 0
43.125; 0
43.175; 0
43.225; 0
43.275; 0
43.325; 0
43.375; 0
43.425; 0
43.475; 0
43.525; 0
43.575; 0
43.625; 0
43.675; 0
43.725; 0
43.775; 0
43.825; 0
43.875; 0
43.925; 0
43.975; 0
44.025; 0
44.075; 0
44.125; 0
44.175; 0
44.225; 0
44.275; 0
44.325; 0
44.375; 0
44.425; 0
44.475; 0
44.525; 0
44.575; 0
44.625; 0
44.675; 0
44.725; 0
44.775; 1
44.825; 0
44.875; 0
44.925; 0
44.975; 0
45.025; 0
45.075; 1
45.125; 0
45.175; 1
45.225; 0
45.275; 0
45.325; 0
45.375; 0
45.425; 0
45.475; 0
45.525; 0
45.575; 0
45.625; 0
45.675; 0
45.725; 0
45.775; 2
45.825; 0
45.875; 0
45.925; 0
45.975; 0
46.025; 0
46.075; 0
46.125; 0
46.175; 0
46.225; 0
46.275; 0
46.325; 0
46.375; 0
46.425; 0
46.475; 1
46.525; 1
46.575; 0
46.625; 0
46.675; 1
46.725; 1
46.775; 1
46.825; 0
46.875; 0
46.925; 0
46.975; 0
47.025; 0
47.075; 0
47.125; 0
47.175; 0
47.225; 0
47.275; 0
47.325; 0
47.375; 0
47.425; 0
47.475; 0
47.525; 0
47.575; 0
47.625; 0
47.675; 0
47.725; 0
47.775; 0
47.825; 1
47.875; 0
47.925; 0
47.975; 0
48.025; 0
48.075; 0
48.125; 0
48.175; 0
48.225; 0
48.275; 0
48.325; 0
48.375; 1
48.425; 0
48.475; 0
48.525; 1
48.575; 0
48.625; 1
48.675; 1
48.725; 0
48.775; 0
48.825; 0
48.875; 0
48.925; 0
48.975; 0
49.025; 0
49.075; 0
49.125; 0
49.175; 0
49.225; 0
49.275; 0
49.325; 0
49.375; 0
49.425; 0
49.475; 0
49.525; 1
49.575; 0
49.625; 0
49.675; 0
49.725; 0
49.775; 0
49.825; 1
49.875; 0
49.925; 0
