0.0025; 33
0.0075; 30
0.0125; 21
0.0175; 30
0.0225; 25
0.0275; 29
0.0325; 31
0.0375; 26
0.0425; 24
0.0475; 24
0.0525; 21
0.0575; 27
0.0625; 29
0.0675; 19
0.0725; 24
0.0775; 26
0.0825; 24
0.0875; 28
0.0925; 22
0.0975; 31
0.1025; 15
0.1075; 36
0.1125; 21
0.1175; 20
0.1225; 21
0.1275; 24
0.1325; 30
0.1375; 20
0.1425; 35
0.1475; 31
0.1525; 24
0.1575; 23
0.1625; 29
0.1675; 26
0.1725; 25
0.1775; 19
0.1825; 33
0.1875; 27
0.1925; 34
0.1975; 25
0.2025; 10
0.2075; 13
0.2125; 18
0.2175; 18
0.2225; 17
0.2275; 23
0.2325; 15
0.2375; 30
0.2425; 23
0.2475; 26
0.2525; 15
0.2575; 24
0.2625; 21
0.2675; 28
0.2725; 27
0.2775; 21
0.2825; 25
0.2875; 19
0.2925; 22
0.2975; 22
0.3025; 18
0.3075; 22
0.3125; 31
0.3175; 29
0.3225; 23
0.3275; 29
0.3325; 23
0.3375; 22
0.3425; 20
0.3475; 27
0.3525; 21
0.3575; 25
0.3625; 23
0.3675; 19
0.3725; 32
0.3775; 28
0.3825; 21
0.3875; 21
0.3925; 18
0.3975; 18
0.4025; 18
0.4075; 26
0.4125; 17
0.4175; 30
0.4225; 34
0.4275; 18
0.4325; 25
0.4375; 26
0.4425; 25
0.4475; 27
0.4525; 23
0.4575; 25
0.4625; 25
0.4675; 19
0.4725; 21
0.4775; 25
0.4825; 18
0.4875; 19
0.4925; 31
0.4975; 22
0.5025; 20
0.5075; 20
0.5125; 23
0.5175; 18
0.5225; 21
0.5275; 25
0.5325; 27
0.5375; 15
0.5425; 28
0.5475; 27
0.5525; 24
0.5575; 13
0.5625; 24
0.5675; 17
0.5725; 22
0.5775; 32
0.5825; 28
0.5875; 31
0.5925; 32
0.5975; 29
0.6025; 31
0.6075; 47
0.6125; 45
0.6175; 44
0.6225; 54
0.6275; 35
0.6325; 58
0.6375; 45
0.6425; 77
0.6475; 60
0.6525; 58
0.6575; 73
0.6625; 63
0.6675; 64
0.6725; 78
0.6775; 99
0.6825; 71
0.6875; 86
0.6925; 83
0.6975; 97
0.7025; 86
0.7075; 91
0.7125; 83
0.7175; 102
0.7225; 93
0.7275; 77
0.7325; 89
0.7375; 110
0.7425; 98
0.7475; 100
0.7525; 103
0.7575; 97
0.7625; 95
0.7675; 88
0.7725; 93
0.7775; 84
0.7825; 91
0.7875; 85
0.7925; 95
0.7975; 78
0.8025; 88
0.8075; 81
0.8125; 84
0.8175; 97
0.8225; 78
0.8275; 102
0.8325; 86
0.8375; 87
0.8425; 75
0.8475; 80
0.8525; 93
0.8575; 61
0.8625; 78
0.8675; 73
0.8725; 68
0.8775; 85
0.8825; 91
0.8875; 76
0.8925; 71
0.8975; 86
0.9025; 75
0.9075; 66
0.9125; 76
0.9175; 75
0.9225; 83
0.9275; 75
0.9325; 57
0.9375; 69
0.9425; 60
0.9475; 76
0.9525; 69
0.9575; 72
0.9625; 51
0.9675; 69
0.9725; 73
0.9775; 81
0.9825; 58
0.9875; 56
0.9925; 53
0.9975; 70
1.0025; 58
1.0075; 58
1.0125; 42
1.0175; 59
1.0225; 63
1.0275; 60
1.0325; 52
1.0375; 56
1.0425; 56
1.0475; 64
1.0525; 67
1.0575; 43
1.0625; 54
1.0675; 56
1.0725; 63
1.0775; 53
1.0825; 45
1.0875; 49
1.0925; 61
1.0975; 36
1.1025; 49
1.1075; 47
1.1125; 52
1.1175; 42
1.1225; 42
1.1275; 45
1.1325; 57
1.1375; 44
1.1425; 40
1.1475; 56
1.1525; 46
1.1575; 53
1.1625; 33
1.1675; 43
1.1725; 45
1.1775; 52
1.1825; 39
1.1875; 54
1.1925; 40
1.1975; 37
1.2025; 43
1.2075; 38
1.2125; 51
1.2175; 42
1.2225; 35
1.2275; 35
1.2325; 37
1.2375; 39
1.2425; 27
1.2475; 42
1.2525; 29
1.2575; 31
1.2625; 30
1.2675; 32
1.2725; 32
1.2775; 38
1.2825; 36
1.2875; 45
1.2925; 36
1.2975; 30
1.3025; 32
1.3075; 32
1.3125; 32
1.3175; 29
1.3225; 26
1.3275; 37
1.3325; 43
1.3375; 28
1.3425; 33
1.3475; 37
1.3525; 28
1.3575; 31
1.3625; 23
1.3675; 25
1.3725; 36
1.3775; 24
1.3825; 27
1.3875; 33
1.3925; 22
1.3975; 32
1.4025; 31
1.4075; 23
1.4125; 30
1.4175; 19
1.4225; 27
1.4275; 23
1.4325; 26
1.4375; 34
1.4425; 18
1.4475; 33
1.4525; 26
1.4575; 36
1.4625; 25
1.4675; 30
1.4725; 21
1.4775; 37
1.4825; 23
1.4875; 32
1.4925; 24
1.4975; 25
1.5025; 24
1.5075; 29
1.5125; 21
1.5175; 23
1.5225; 17
1.5275; 22
1.5325; 19
1.5375; 33
1.5425; 28
1.5475; 25
1.5525; 20
1.5575; 19
1.5625; 17
1.5675; 16
1.5725; 22
1.5775; 19
1.5825; 14
1.5875; 19
1.5925; 20
1.5975; 26
1.6025; 11
1.6075; 12
1.6125; 8
1.6175; 16
1.6225; 19
1.6275; 16
1.6325; 17
1.6375; 18
1.6425; 11
1.6475; 23
1.6525; 13
1.6575; 21
1.6625; 18
1.6675; 13
1.6725; 16
1.6775; 18
1.6825; 19
1.6875; 16
1.6925; 20
1.6975; 16
1.7025; 18
1.7075; 17
1.7125; 15
1.7175; 10
1.7225; 8
1.7275; 21
1.7325; 8
1.7375; 15
1.7425; 12
1.7475; 17
1.7525; 13
1.7575; 17
1.7625; 15
1.7675; 20
1.7725; 17
1.7775; 10
1.7825; 17
1.7875; 9
1.7925; 17
1.7975; 11
1.8025; 13
1.8075; 13
1.8125; 10
1.8175; 10
1.8225; 23
1.8275; 13
1.8325; 18
1.8375; 9
1.8425; 22
1.8475; 14
1.8525; 15
1.8575; 12
1.8625; 13
1.8675; 13
1.8725; 8
1.8775; 16
1.8825; 11
1.8875; 12
1.8925; 16
1.8975; 8
1.9025; 12
1.9075; 12
1.9125; 10
1.9175; 12
1.9225; 15
1.9275; 10
1.9325; 9
1.9375; 13
1.9425; 11
1.9475; 14
1.9525; 10
1.9575; 7
1.9625; 8
1.9675; 8
1.9725; 4
1.9775; 3
1.9825; 6
1.9875; 7
1.9925; 12
1.9975; 12
2.0025; 9
2.0075; 7
2.0125; 9
2.0175; 6
2.0225; 16
2.0275; 5
2.0325; 13
2.0375; 9
2.0425; 12
2.0475; 13
2.0525; 11
2.0575; 14
2.0625; 8
2.0675; 13
2.0725; 7
2.0775; 14
2.0825; 8
2.0875; 11
2.0925; 9
2.0975; 14
2.1025; 7
2.1075; 5
2.1125; 3
2.1175; 19
2.1225; 7
2.1275; 5
2.1325; 7
2.1375; 5
2.1425; 10
2.1475; 5
2.1525; 6
2.1575; 4
2.1625; 11
2.1675; 6
2.1725; 6
2.1775; 14
2.1825; 3
2.1875; 7
2.1925; 14
2.1975; 11
2.2025; 7
2.2075; 8
2.2125; 13
2.2175; 7
2.2225; 10
2.2275; 8
2.2325; 5
2.2375; 8
2.2425; 5
2.2475; 5
2.2525; 8
2.2575; 13
2.2625; 2
2.2675; 9
2.2725; 6
2.2775; 11
2.2825; 9
2.2875; 13
2.2925; 9
2.2975; 11
2.3025; 5
2.3075; 5
2.3125; 6
2.3175; 4
2.3225; 7
2.3275; 6
2.3325; 11
2.3375; 5
2.3425; 7
2.3475; 6
2.3525; 8
2.3575; 3
2.3625; 6
2.3675; 3
2.3725; 7
2.3775; 5
2.3825; 4
2.3875; 5
2.3925; 2
2.3975; 7
2.4025; 3
2.4075; 9
2.4125; 3
2.4175; 8
2.4225; 5
2.4275; 6
2.4325; 5
2.4375; 6
2.4425; 4
2.4475; 5
2.4525; 2
2.4575; 4
2.4625; 6
2.4675; 4
2.4725; 8
2.4775; 7
2.4825; 5
2.4875; 3
2.4925; 7
2.4975; 8
2.5025; 6
2.5075; 4
2.5125; 4
2.5175; 3
2.5225; 3
2.5275; 8
2.5325; 5
2.5375; 6
2.5425; 5
2.5475; 5
2.5525; 7
2.5575; 3
2.5625; 5
2.5675; 5
2.5725; 7
2.5775; 2
2.5825; 6
2.5875; 7
2.5925; 7
2.5975; 4
2.6025; 6
2.6075; 7
2.6125; 3
2.6175; 2
2.6225; 6
2.6275; 3
2.6325; 4
2.6375; 8
2.6425; 3
2.6475; 1
2.6525; 3
2.6575; 7
2.6625; 3
2.6675; 4
2.6725; 5
2.6775; 2
2.6825; 3
2.6875; 2
2.6925; 5
2.6975; 6
2.7025; 2
2.7075; 6
2.7125; 7
2.7175; 3
2.7225; 2
2.7275; 5
2.7325; 3
2.7375; 6
2.7425; 0
2.7475; 4
2.7525; 5
2.7575; 5
2.7625; 7
2.7675; 6
2.7725; 3
2.7775; 8
2.7825; 3
2.7875; 3
2.7925; 3
2.7975; 3
2.8025; 4
2.8075; 2
2.8125; 2
2.8175; 3
2.8225; 4
2.8275; 6
2.8325; 2
2.8375; 6
2.8425; 8
2.8475; 4
2.8525; 7
2.8575; 2
2.8625; 4
2.8675; 4
2.8725; 7
2.8775; 4
2.8825; 4
2.8875; 1
2.8925; 4
2.8975; 6
2.9025; 9
2.9075; 3
2.9125; 2
2.9175; 1
2.9225; 4
2.9275; 2
2.9325; 4
2.9375; 5
2.9425; 2
2.9475; 3
2.9525; 3
2.9575; 0
2.9625; 4
2.9675; 2
2.9725; 3
2.9775; 2
2.9825; 2
2.9875; 3
2.9925; 4
2.9975; 1
3.0025; 3
3.0075; 4
3.0125; 4
3.0175; 3
3.0225; 1
3.0275; 1
3.0325; 4
3.0375; 1
3.0425; 5
3.0475; 6
3.0525; 3
3.0575; 4
3.0625; 3
3.0675; 0
3.0725; 1
3.0775; 0
3.0825; 3
3.0875; 2
3.0925; 1
3.0975; 1
3.1025; 7
3.1075; 2
3.1125; 1
3.1175; 0
3.1225; 1
3.1275; 5
3.1325; 2
3.1375; 2
3.1425; 4
3.1475; 4
3.1525; 2
3.1575; 3
3.1625; 1
3.1675; 1
3.1725; 4
3.1775; 1
3.1825; 7
3.1875; 2
3.1925; 2
3.1975; 1
3.2025; 5
3.2075; 4
3.2125; 2
3.2175; 1
3.2225; 4
3.2275; 4
3.2325; 3
3.2375; 2
3.2425; 2
3.2475; 5
3.2525; 0
3.2575; 1
3.2625; 3
3.2675; 3
3.2725; 3
3.2775; 0
3.2825; 1
3.2875; 4
3.2925; 7
3.2975; 3
3.3025; 2
3.3075; 0
3.3125; 0
3.3175; 5
3.3225; 3
3.3275; 3
3.3325; 3
3.3375; 1
3.3425; 1
3.3475; 2
3.3525; 0
3.3575; 3
3.3625; 4
3.3675; 3
3.3725; 2
3.3775; 1
3.3825; 0
3.3875; 2
3.3925; 1
3.3975; 2
3.4025; 4
3.4075; 1
3.4125; 2
3.4175; 0
3.4225; 1
3.4275; 3
3.4325; 3
3.4375; 3
3.4425; 1
3.4475; 0
3.4525; 0
3.4575; 4
3.4625; 0
3.4675; 1
3.4725; 1
3.4775; 2
3.4825; 7
3.4875; 5
3.4925; 2
3.4975; 1
3.5025; 2
3.5075; 0
3.5125; 1
3.5175; 1
3.5225; 3
3.5275; 2
3.5325; 2
3.5375; 0
3.5425; 0
3.5475; 3
3.5525; 2
3.5575; 3
3.5625; 3
3.5675; 1
3.5725; 0
3.5775; 1
3.5825; 2
3.5875; 2
3.5925; 3
3.5975; 0
3.6025; 0
3.6075; 0
3.6125; 2
3.6175; 0
3.6225; 1
3.6275; 4
3.6325; 2
3.6375; 3
3.6425; 1
3.6475; 1
3.6525; 0
3.6575; 0
3.6625; 1
3.6675; 2
3.6725; 2
3.6775; 2
3.6825; 1
3.6875; 1
3.6925; 0
3.6975; 3
3.7025; 2
3.7075; 2
3.7125; 2
3.7175; 1
3.7225; 1
3.7275; 2
3.7325; 5
3.7375; 1
3.7425; 0
3.7475; 1
3.7525; 1
3.7575; 4
3.7625; 3
3.7675; 4
3.7725; 3
3.7775; 0
3.7825; 1
3.7875; 0
3.7925; 2
3.7975; 3
3.8025; 1
3.8075; 0
3.8125; 1
3.8175; 1
3.8225; 2
3.8275; 3
3.8325; 0
3.8375; 3
3.8425; 3
3.8475; 2
3.8525; 0
3.8575; 3
3.8625; 5
3.8675; 2
3.8725; 1
3.8775; 0
3.8825; 1
3.8875; 1
3.8925; 1
3.8975; 1
3.9025; 2
3.9075; 0
3.9125; 4
3.9175; 2
3.9225; 4
3.9275; 2
3.9325; 3
3.9375; 2
3.9425; 0
3.9475; 1
3.9525; 2
3.9575; 4
3.9625; 0
3.9675; 3
3.9725; 0
3.9775; 2
3.9825; 2
3.9875; 2
3.9925; 3
3.9975; 2
4.0025; 0
4.0075; 0
4.0125; 0
4.0175; 2
4.0225; 2
4.0275; 1
4.0325; 0
4.0375; 0
4.0425; 1
4.0475; 1
4.0525; 0
4.0575; 2
4.0625; 2
4.0675; 4
4.0725; 2
4.0775; 2
4.0825; 1
4.0875; 3
4.0925; 2
4.0975; 2
4.1025; 1
4.1075; 1
4.1125; 0
4.1175; 0
4.1225; 3
4.1275; 1
4.1325; 1
4.1375; 1
4.1425; 2
4.1475; 0
4.1525; 1
4.1575; 1
4.1625; 2
4.1675; 3
4.1725; 2
4.1775; 0
4.1825; 1
4.1875; 0
4.1925; 0
4.1975; 3
4.2025; 1
4.2075; 2
4.2125; 3
4.2175; 0
4.2225; 0
4.2275; 2
4.2325; 2
4.2375; 0
4.2425; 1
4.2475; 3
4.2525; 1
4.2575; 3
4.2625; 1
4.2675; 1
4.2725; 1
4.2775; 3
4.2825; 0
4.2875; 0
4.2925; 1
4.2975; 2
4.3025; 0
4.3075; 2
4.3125; 0
4.3175; 0
4.3225; 2
4.3275; 1
4.3325; 0
4.3375; 2
4.3425; 1
4.3475; 0
4.3525; 3
4.3575; 1
4.3625; 0
4.3675; 1
4.3725; 0
4.3775; 1
4.3825; 1
4.3875; 0
4.3925; 0
4.3975; 1
4.4025; 2
4.4075; 1
4.4125; 1
4.4175; 1
4.4225; 1
4.4275; 1
4.4325; 3
4.4375; 3
4.4425; 0
4.4475; 1
4.4525; 1
4.4575; 1
4.4625; 1
4.4675; 0
4.4725; 0
4.4775; 1
4.4825; 1
4.4875; 3
4.4925; 2
4.4975; 0
4.5025; 1
4.5075; 0
4.5125; 0
4.5175; 0
4.5225; 0
4.5275; 3
4.5325; 3
4.5375; 1
4.5425; 2
4.5475; 3
4.5525; 0
4.5575; 1
4.5625; 1
4.5675; 1
4.5725; 0
4.5775; 0
4.5825; 0
4.5875; 2
4.5925; 0
4.5975; 0
4.6025; 2
4.6075; 3
4.6125; 2
4.6175; 0
4.6225; 2
4.6275; 1
4.6325; 0
4.6375; 0
4.6425; 1
4.6475; 1
4.6525; 3
4.6575; 2
4.6625; 3
4.6675; 0
4.6725; 2
4.6775; 0
4.6825; 2
4.6875; 2
4.6925; 2
4.6975; 1
4.7025; 1
4.7075; 0
4.7125; 1
4.7175; 2
4.7225; 2
4.7275; 2
4.7325; 1
4.7375; 1
4.7425; 3
4.7475; 5
4.7525; 1
4.7575; 1
4.7625; 2
4.7675; 3
4.7725; 2
4.7775; 1
4.7825; 3
4.7875; 4
4.7925; 3
4.7975; 3
4.8025; 3
4.8075; 3
4.8125; 1
4.8175; 0
4.8225; 1
4.8275; 1
4.8325; 1
4.8375; 1
4.8425; 1
4.8475; 0
4.8525; 2
4.8575; 1
4.8625; 0
4.8675; 0
4.8725; 0
4.8775; 2
4.8825; 1
4.8875; 1
4.8925; 2
4.8975; 1
4.9025; 0
4.9075; 1
4.9125; 2
4.9175; 0
4.9225; 1
4.9275; 2
4.9325; 1
4.9375; 3
4.9425; 2
4.9475; 3
4.9525; 3
4.9575; 0
4.9625; 1
4.9675; 1
4.9725; 3
4.9775; 2
4.9825; 2
4.9875; 2
4.9925; 1
