0.0025; 1
0.0075; 0
0.0125; 0
0.0175; 1
0.0225; 0
0.0275; 1
0.0325; 1
0.0375; 0
0.0425; 0
0.0475; 0
0.0525; 0
0.0575; 0
0.0625; 0
0.0675; 0
0.0725; 0
0.0775; 0
0.0825; 0
0.0875; 0
0.0925; 0
0.0975; 1
0.1025; 0
0.1075; 0
0.1125; 0
0.1175; 0
0.1225; 0
0.1275; 0
0.1325; 0
0.1375; 0
0.1425; 0
0.1475; 0
0.1525; 0
0.1575; 1
0.1625; 0
0.1675; 0
0.1725; 0
0.1775; 0
0.1825; 0
0.1875; 0
0.1925; 0
0.1975; 0
0.2025; 1
0.2075; 0
0.2125; 0
0.2175; 0
0.2225; 0
0.2275; 0
0.2325; 0
0.2375; 1
0.2425; 0
0.2475; 0
0.2525; 0
0.2575; 0
0.2625; 0
0.2675; 0
0.2725; 0
0.2775; 0
0.2825; 0
0.2875; 0
0.2925; 0
0.2975; 1
0.3025; 0
0.3075; 0
0.3125; 0
0.3175; 1
0.3225; 1
0.3275; 0
0.3325; 0
0.3375; 0
0.3425; 0
0.3475; 0
0.3525; 0
0.3575; 0
0.3625; 0
0.3675; 1
0.3725; 0
0.3775; 0
0.3825; 0
0.3875; 0
0.3925; 1
0.3975; 12
0.4025; 24
0.4075; 61
0.4125; 129
0.4175; 183
0.4225; 302
0.4275; 450
0.4325; 710
0.4375; 988
0.4425; 1231
0.4475; 1523
0.4525; 1738
0.4575; 1953
0.4625; 2277
0.4675; 2434
0.4725; 2559
0.4775; 2623
0.4825; 2708
0.4875; 2727
0.4925; 2584
0.4975; 2712
0.5025; 2616
0.5075; 2574
0.5125; 2519
0.5175; 2445
0.5225; 2246
0.5275; 2083
0.5325; 2045
0.5375; 1931
0.5425; 1823
0.5475; 1662
0.5525; 1640
0.5575; 1584
0.5625; 1446
0.5675; 1368
0.5725; 1329
0.5775; 1254
0.5825; 1179
0.5875; 1102
0.5925; 1039
0.5975; 1007
0.6025; 938
0.6075; 902
0.6125; 874
0.6175; 754
0.6225; 796
0.6275; 692
0.6325; 747
0.6375; 643
0.6425; 640
0.6475; 574
0.6525; 540
0.6575; 535
0.6625; 509
0.6675; 484
0.6725; 505
0.6775; 477
0.6825; 449
0.6875; 444
0.6925; 414
0.6975; 401
0.7025; 413
0.7075; 355
0.7125; 352
0.7175; 303
0.7225; 355
0.7275; 314
0.7325; 305
0.7375; 305
0.7425; 322
0.7475; 270
0.7525; 302
0.7575; 234
0.7625; 240
0.7675; 228
0.7725; 243
0.7775; 229
0.7825; 238
0.7875; 219
0.7925; 220
0.7975; 210
0.8025; 191
0.8075; 214
0.8125; 198
0.8175; 161
0.8225; 186
0.8275; 188
0.8325; 182
0.8375; 139
0.8425; 171
0.8475; 122
0.8525; 152
0.8575; 136
0.8625; 153
0.8675; 170
0.8725; 153
0.8775; 130
0.8825; 131
0.8875; 113
0.8925; 146
0.8975; 125
0.9025; 115
0.9075; 100
0.9125; 113
0.9175; 111
0.9225; 95
0.9275; 101
0.9325; 94
0.9375; 85
0.9425; 88
0.9475; 98
0.9525; 86
0.9575; 81
0.9625; 88
0.9675; 75
0.9725; 90
0.9775; 103
0.9825; 74
0.9875; 88
0.9925; 81
0.9975; 64
1.0025; 76
1.0075; 74
1.0125; 75
1.0175; 77
1.0225; 89
1.0275; 66
1.0325; 76
1.0375; 76
1.0425; 82
1.0475; 65
1.0525; 69
1.0575; 69
1.0625; 66
1.0675; 61
1.0725; 70
1.0775; 74
1.0825; 67
1.0875; 61
1.0925; 81
1.0975; 60
1.1025; 68
1.1075; 75
1.1125; 48
1.1175; 57
1.1225; 63
1.1275; 63
1.1325; 39
1.1375; 48
1.1425; 53
1.1475; 51
1.1525; 46
1.1575; 59
1.1625; 53
1.1675; 58
1.1725; 63
1.1775; 51
1.1825; 54
1.1875; 53
1.1925; 51
1.1975; 47
1.2025; 50
1.2075; 68
1.2125; 44
1.2175; 55
1.2225; 56
1.2275; 39
1.2325; 48
1.2375; 43
1.2425; 51
1.2475; 47
1.2525; 53
1.2575; 29
1.2625; 36
1.2675; 35
1.2725; 34
1.2775; 41
1.2825; 46
1.2875; 44
1.2925; 47
1.2975; 38
1.3025; 44
1.3075; 32
1.3125; 39
1.3175; 36
1.3225; 38
1.3275; 37
1.3325; 34
1.3375; 37
1.3425; 30
1.3475; 38
1.3525; 39
1.3575; 36
1.3625; 29
1.3675; 38
1.3725; 37
1.3775; 34
1.3825; 27
1.3875; 29
1.3925; 34
1.3975; 32
1.4025; 24
1.4075; 20
1.4125; 28
1.4175; 27
1.4225; 29
1.4275; 25
1.4325; 30
1.4375; 36
1.4425; 19
1.4475; 34
1.4525; 28
1.4575; 37
1.4625; 30
1.4675; 23
1.4725; 29
1.4775; 35
1.4825; 30
1.4875; 17
1.4925; 29
1.4975; 33
1.5025; 38
1.5075; 21
1.5125; 30
1.5175; 23
1.5225; 27
1.5275; 32
1.5325; 21
1.5375; 21
1.5425; 15
1.5475; 26
1.5525; 28
1.5575; 32
1.5625; 33
1.5675; 23
1.5725; 16
1.5775; 20
1.5825; 21
1.5875; 18
1.5925; 25
1.5975; 22
1.6025; 17
1.6075; 30
1.6125; 20
1.6175; 19
1.6225; 26
1.6275; 27
1.6325; 27
1.6375; 20
1.6425; 20
1.6475; 28
1.6525; 27
1.6575; 22
1.6625; 32
1.6675; 34
1.6725; 20
1.6775; 17
1.6825; 24
1.6875; 22
1.6925; 12
1.6975; 14
1.7025; 31
1.7075; 23
1.7125; 23
1.7175; 19
1.7225; 16
1.7275; 23
1.7325; 16
1.7375; 10
1.7425; 24
1.7475; 13
1.7525; 20
1.7575; 16
1.7625; 20
1.7675; 28
1.7725; 18
1.7775; 23
1.7825; 17
1.7875; 28
1.7925; 23
1.7975; 17
1.8025; 19
1.8075; 14
1.8125; 18
1.8175; 13
1.8225; 20
1.8275; 22
1.8325; 13
1.8375; 18
1.8425; 13
1.8475; 15
1.8525; 11
1.8575; 20
1.8625; 13
1.8675; 23
1.8725; 21
1.8775; 25
1.8825; 7
1.8875; 14
1.8925; 16
1.8975; 26
1.9025; 16
1.9075; 14
1.9125; 8
1.9175; 15
1.9225; 14
1.9275; 11
1.9325; 14
1.9375; 14
1.9425; 13
1.9475; 17
1.9525; 12
1.9575; 16
1.9625; 19
1.9675; 13
1.9725; 15
1.9775; 17
1.9825; 17
1.9875; 13
1.9925; 15
1.9975; 17
2.0025; 22
2.0075; 13
2.0125; 13
2.0175; 14
2.0225; 16
2.0275; 15
2.0325; 21
2.0375; 16
2.0425; 15
2.0475; 9
2.0525; 15
2.0575; 18
2.0625; 13
2.0675; 8
2.0725; 12
2.0775; 13
2.0825; 14
2.0875; 14
2.0925; 17
2.0975; 13
2.1025; 18
2.1075; 15
2.1125; 13
2.1175; 9
2.1225; 15
2.1275; 13
2.1325; 15
2.1375; 7
2.1425; 8
2.1475; 16
2.1525; 11
2.1575; 8
2.1625; 14
2.1675; 13
2.1725; 16
2.1775; 12
2.1825; 11
2.1875; 16
2.1925; 9
2.1975; 15
2.2025; 6
2.2075; 10
2.2125; 7
2.2175; 11
2.2225; 12
2.2275; 11
2.2325; 7
2.2375; 6
2.2425; 9
2.2475; 9
2.2525; 11
2.2575; 10
2.2625; 7
2.2675; 11
2.2725; 14
2.2775; 9
2.2825; 5
2.2875; 8
2.2925; 12
2.2975; 7
2.3025; 11
2.3075; 8
2.3125; 6
2.3175; 8
2.3225; 9
2.3275; 5
2.3325; 12
2.3375; 3
2.3425; 3
2.3475; 11
2.3525; 10
2.3575; 9
2.3625; 5
2.3675; 11
2.3725; 5
2.3775; 7
2.3825; 10
2.3875; 7
2.3925; 9
2.3975; 8
2.4025; 10
2.4075; 6
2.4125; 6
2.4175; 11
2.4225; 12
2.4275; 15
2.4325; 5
2.4375; 9
2.4425; 8
2.4475; 4
2.4525; 3
2.4575; 6
2.4625; 7
2.4675; 6
2.4725; 7
2.4775; 3
2.4825; 8
2.4875; 6
2.4925; 11
2.4975; 7
2.5025; 9
2.5075; 3
2.5125; 10
2.5175; 7
2.5225; 8
2.5275; 5
2.5325; 9
2.5375; 3
2.5425; 9
2.5475; 6
2.5525; 8
2.5575; 4
2.5625; 12
2.5675; 4
2.5725; 10
2.5775; 10
2.5825; 3
2.5875; 9
2.5925; 8
2.5975; 9
2.6025; 4
2.6075; 5
2.6125; 3
2.6175; 6
2.6225; 6
2.6275; 9
2.6325; 8
2.6375; 4
2.6425; 9
2.6475; 3
2.6525; 5
2.6575; 4
2.6625; 9
2.6675; 6
2.6725; 2
2.6775; 8
2.6825; 2
2.6875; 4
2.6925; 10
2.6975; 5
2.7025; 7
2.7075; 5
2.7125; 11
2.7175; 7
2.7225; 3
2.7275; 7
2.7325; 8
2.7375; 14
2.7425; 10
2.7475; 5
2.7525; 7
2.7575; 7
2.7625; 5
2.7675; 4
2.7725; 4
2.7775; 5
2.7825; 7
2.7875; 9
2.7925; 8
2.7975; 5
2.8025; 5
2.8075; 3
2.8125; 3
2.8175; 8
2.8225; 6
2.8275; 3
2.8325; 11
2.8375; 5
2.8425; 5
2.8475; 2
2.8525; 10
2.8575; 5
2.8625; 2
2.8675; 5
2.8725; 4
2.8775; 5
2.8825; 6
2.8875; 7
2.8925; 4
2.8975; 6
2.9025; 5
2.9075; 6
2.9125; 4
2.9175; 2
2.9225; 5
2.9275; 2
2.9325; 1
2.9375; 5
2.9425; 6
2.9475; 3
2.9525; 7
2.9575; 4
2.9625; 5
2.9675; 6
2.9725; 5
2.9775; 6
2.9825; 8
2.9875; 12
2.9925; 2
2.9975; 4
3.0025; 8
3.0075; 8
3.0125; 6
3.0175; 6
3.0225; 3
3.0275; 9
3.0325; 6
3.0375; 4
3.0425; 9
3.0475; 4
3.0525; 1
3.0575; 2
3.0625; 2
3.0675; 4
3.0725; 4
3.0775; 8
3.0825; 6
3.0875; 4
3.0925; 2
3.0975; 4
3.1025; 3
3.1075; 6
3.1125; 2
3.1175; 2
3.1225; 5
3.1275; 3
3.1325; 3
3.1375; 6
3.1425; 4
3.1475; 3
3.1525; 4
3.1575; 5
3.1625; 8
3.1675; 4
3.1725; 3
3.1775; 5
3.1825; 10
3.1875; 7
3.1925; 5
3.1975; 4
3.2025; 6
3.2075; 4
3.2125; 4
3.2175; 3
3.2225; 5
3.2275; 6
3.2325; 8
3.2375; 2
3.2425; 1
3.2475; 3
3.2525; 7
3.2575; 4
3.2625; 4
3.2675; 3
3.2725; 6
3.2775; 7
3.2825; 4
3.2875; 6
3.2925; 3
3.2975; 3
3.3025; 2
3.3075; 5
3.3125; 4
3.3175; 2
3.3225; 8
3.3275; 3
3.3325; 3
3.3375; 5
3.3425; 3
3.3475; 1
3.3525; 2
3.3575; 3
3.3625; 3
3.3675; 5
3.3725; 7
3.3775; 6
3.3825; 4
3.3875; 4
3.3925; 3
3.3975; 9
3.4025; 3
3.4075; 2
3.4125; 5
3.4175; 3
3.4225; 5
3.4275; 4
3.4325; 3
3.4375; 3
3.4425; 5
3.4475; 7
3.4525; 2
3.4575; 7
3.4625; 3
3.4675; 7
3.4725; 3
3.4775; 2
3.4825; 0
3.4875; 5
3.4925; 2
3.4975; 3
3.5025; 1
3.5075; 5
3.5125; 3
3.5175; 2
3.5225; 4
3.5275; 1
3.5325; 6
3.5375; 7
3.5425; 0
3.5475; 1
3.5525; 5
3.5575; 2
3.5625; 2
3.5675; 4
3.5725; 1
3.5775; 3
3.5825; 2
3.5875; 2
3.5925; 4
3.5975; 3
3.6025; 6
3.6075; 3
3.6125; 2
3.6175; 5
3.6225; 5
3.6275; 2
3.6325; 8
3.6375; 2
3.6425; 2
3.6475; 2
3.6525; 1
3.6575; 4
3.6625; 2
3.6675; 3
3.6725; 3
3.6775; 4
3.6825; 2
3.6875; 8
3.6925; 5
3.6975; 3
3.7025; 2
3.7075; 4
3.7125; 3
3.7175; 3
3.7225; 5
3.7275; 2
3.7325; 3
3.7375; 3
3.7425; 4
3.7475; 4
3.7525; 3
3.7575; 2
3.7625; 1
3.7675; 1
3.7725; 2
3.7775; 7
3.7825; 3
3.7875; 2
3.7925; 4
3.7975; 3
3.8025; 6
3.8075; 3
3.8125; 3
3.8175; 6
3.8225; 2
3.8275; 5
3.8325; 0
3.8375; 3
3.8425; 2
3.8475; 6
3.8525; 5
3.8575; 4
3.8625; 1
3.8675; 2
3.8725; 3
3.8775; 1
3.8825; 5
3.8875; 3
3.8925; 4
3.8975; 1
3.9025; 1
3.9075; 0
3.9125; 6
3.9175; 2
3.9225; 2
3.9275; 2
3.9325; 3
3.9375; 2
3.9425; 3
3.9475; 3
3.9525; 3
3.9575; 6
3.9625; 5
3.9675; 3
3.9725; 3
3.9775; 3
3.9825; 1
3.9875; 3
3.9925; 4
3.9975; 3
4.0025; 1
4.0075; 1
4.0125; 4
4.0175; 4
4.0225; 1
4.0275; 3
4.0325; 1
4.0375; 2
4.0425; 4
4.0475; 2
4.0525; 2
4.0575; 1
4.0625; 2
4.0675; 3
4.0725; 5
4.0775; 3
4.0825; 1
4.0875; 4
4.0925; 3
4.0975; 2
4.1025; 1
4.1075; 0
4.1125; 2
4.1175; 0
4.1225; 2
4.1275; 3
4.1325; 4
4.1375; 3
4.1425; 2
4.1475; 3
4.1525; 3
4.1575; 3
4.1625; 1
4.1675; 0
4.1725; 1
4.1775; 6
4.1825; 2
4.1875; 3
4.1925; 3
4.1975; 4
4.2025; 2
4.2075; 2
4.2125; 6
4.2175; 3
4.2225; 5
4.2275; 2
4.2325; 2
4.2375; 1
4.2425; 5
4.2475; 1
4.2525; 0
4.2575; 5
4.2625; 1
4.2675; 2
4.2725; 4
4.2775; 1
4.2825; 2
4.2875; 1
4.2925; 7
4.2975; 3
4.3025; 2
4.3075; 4
4.3125; 3
4.3175; 4
4.3225; 7
4.3275; 2
4.3325; 4
4.3375; 0
4.3425; 3
4.3475; 0
4.3525; 3
4.3575; 1
4.3625; 3
4.3675; 4
4.3725; 5
4.3775; 2
4.3825; 3
4.3875; 3
4.3925; 2
4.3975; 3
4.4025; 2
4.4075; 2
4.4125; 2
4.4175; 3
4.4225; 3
4.4275; 1
4.4325; 3
4.4375; 3
4.4425; 4
4.4475; 1
4.4525; 4
4.4575; 2
4.4625; 1
4.4675; 1
4.4725; 3
4.4775; 3
4.4825; 1
4.4875; 1
4.4925; 0
4.4975; 3
4.5025; 3
4.5075; 4
4.5125; 2
4.5175; 1
4.5225; 5
4.5275; 4
4.5325; 2
4.5375; 0
4.5425; 4
4.5475; 3
4.5525; 2
4.5575; 2
4.5625; 1
4.5675; 2
4.5725; 1
4.5775; 4
4.5825; 2
4.5875; 1
4.5925; 4
4.5975; 4
4.6025; 4
4.6075; 0
4.6125; 2
4.6175; 3
4.6225; 1
4.6275; 2
4.6325; 0
4.6375; 3
4.6425; 4
4.6475; 4
4.6525; 1
4.6575; 4
4.6625; 1
4.6675; 0
4.6725; 4
4.6775; 4
4.6825; 1
4.6875; 1
4.6925; 3
4.6975; 3
4.7025; 5
4.7075; 1
4.7125; 2
4.7175; 3
4.7225; 2
4.7275; 3
4.7325; 5
4.7375; 3
4.7425; 4
4.7475; 1
4.7525; 2
4.7575; 1
4.7625; 2
4.7675; 0
4.7725; 0
4.7775; 4
4.7825; 1
4.7875; 0
4.7925; 2
4.7975; 4
4.8025; 2
4.8075; 4
4.8125; 5
4.8175; 3
4.8225; 3
4.8275; 4
4.8325; 3
4.8375; 2
4.8425; 2
4.8475; 2
4.8525; 0
4.8575; 1
4.8625; 5
4.8675; 2
4.8725; 3
4.8775; 0
4.8825; 3
4.8875; 1
4.8925; 2
4.8975; 2
4.9025; 4
4.9075; 2
4.9125; 5
4.9175; 1
4.9225; 2
4.9275; 1
4.9325; 4
4.9375; 3
4.9425; 5
4.9475; 1
4.9525; 3
4.9575; 1
4.9625; 1
4.9675; 2
4.9725; 1
4.9775; 5
4.9825; 3
4.9875; 4
4.9925; 1
