0.0025; 1
0.0075; 1
0.0125; 2
0.0175; 1
0.0225; 0
0.0275; 0
0.0325; 4
0.0375; 0
0.0425; 1
0.0475; 1
0.0525; 0
0.0575; 0
0.0625; 1
0.0675; 0
0.0725; 0
0.0775; 0
0.0825; 2
0.0875; 0
0.0925; 1
0.0975; 0
0.1025; 0
0.1075; 0
0.1125; 0
0.1175; 0
0.1225; 0
0.1275; 1
0.1325; 1
0.1375; 0
0.1425; 0
0.1475; 1
0.1525; 0
0.1575; 0
0.1625; 1
0.1675; 0
0.1725; 0
0.1775; 0
0.1825; 1
0.1875; 0
0.1925; 0
0.1975; 0
0.2025; 2
0.2075; 0
0.2125; 0
0.2175; 0
0.2225; 1
0.2275; 0
0.2325; 0
0.2375; 1
0.2425; 0
0.2475; 0
0.2525; 0
0.2575; 1
0.2625; 0
0.2675; 0
0.2725; 0
0.2775; 1
0.2825; 0
0.2875; 0
0.2925; 0
0.2975; 0
0.3025; 1
0.3075; 1
0.3125; 0
0.3175; 0
0.3225; 0
0.3275; 0
0.3325; 0
0.3375; 0
0.3425; 0
0.3475; 0
0.3525; 0
0.3575; 0
0.3625; 1
0.3675; 0
0.3725; 1
0.3775; 0
0.3825; 0
0.3875; 0
0.3925; 0
0.3975; 2
0.4025; 0
0.4075; 0
0.4125; 0
0.4175; 0
0.4225; 0
0.4275; 0
0.4325; 0
0.4375; 0
0.4425; 1
0.4475; 0
0.4525; 0
0.4575; 2
0.4625; 0
0.4675; 1
0.4725; 3
0.4775; 0
0.4825; 0
0.4875; 0
0.4925; 0
0.4975; 2
0.5025; 0
0.5075; 0
0.5125; 0
0.5175; 0
0.5225; 0
0.5275; 0
0.5325; 0
0.5375; 0
0.5425; 1
0.5475; 0
0.5525; 0
0.5575; 0
0.5625; 0
0.5675; 1
0.5725; 0
0.5775; 0
0.5825; 0
0.5875; 0
0.5925; 0
0.5975; 0
0.6025; 0
0.6075; 0
0.6125; 0
0.6175; 0
0.6225; 2
0.6275; 0
0.6325; 1
0.6375; 1
0.6425; 0
0.6475; 0
0.6525; 0
0.6575; 1
0.6625; 1
0.6675; 1
0.6725; 0
0.6775; 0
0.6825; 0
0.6875; 0
0.6925; 0
0.6975; 0
0.7025; 0
0.7075; 0
0.7125; 0
0.7175; 1
0.7225; 0
0.7275; 0
0.7325; 0
0.7375; 0
0.7425; 0
0.7475; 0
0.7525; 0
0.7575; 0
0.7625; 0
0.7675; 0
0.7725; 0
0.7775; 0
0.7825; 0
0.7875; 1
0.7925; 0
0.7975; 2
0.8025; 1
0.8075; 0
0.8125; 2
0.8175; 2
0.8225; 1
0.8275; 4
0.8325; 8
0.8375; 13
0.8425; 15
0.8475; 25
0.8525; 39
0.8575; 59
0.8625; 75
0.8675; 115
0.8725; 138
0.8775; 195
0.8825; 237
0.8875; 312
0.8925; 354
0.8975; 450
0.9025; 533
0.9075; 593
0.9125; 654
0.9175; 782
0.9225; 832
0.9275; 988
0.9325; 1101
0.9375; 1139
0.9425; 1181
0.9475; 1228
0.9525; 1331
0.9575; 1426
0.9625; 1497
0.9675; 1513
0.9725; 1572
0.9775; 1597
0.9825; 1513
0.9875; 1493
0.9925; 1647
0.9975; 1551
1.0025; 1679
1.0075; 1631
1.0125; 1598
1.0175; 1583
1.0225; 1619
1.0275; 1547
1.0325; 1537
1.0375; 1550
1.0425; 1545
1.0475; 1454
1.0525; 1488
1.0575; 1394
1.0625; 1364
1.0675; 1351
1.0725; 1338
1.0775; 1226
1.0825; 1209
1.0875; 1215
1.0925; 1255
1.0975; 1131
1.1025; 1135
1.1075; 1073
1.1125; 1068
1.1175; 1066
1.1225; 976
1.1275; 1006
1.1325; 958
1.1375; 946
1.1425; 889
1.1475; 890
1.1525; 841
1.1575; 843
1.1625; 816
1.1675; 744
1.1725; 775
1.1775; 719
1.1825; 705
1.1875; 687
1.1925; 716
1.1975; 606
1.2025; 666
1.2075; 607
1.2125; 588
1.2175; 598
1.2225; 584
1.2275; 556
1.2325; 537
1.2375; 541
1.2425; 519
1.2475; 495
1.2525; 485
1.2575; 455
1.2625; 465
1.2675; 454
1.2725; 411
1.2775; 407
1.2825; 412
1.2875; 391
1.2925; 375
1.2975; 347
1.3025; 393
1.3075; 316
1.3125; 364
1.3175; 331
1.3225; 311
1.3275; 337
1.3325; 334
1.3375; 331
1.3425; 304
1.3475; 292
1.3525; 297
1.3575; 295
1.3625; 261
1.3675; 266
1.3725; 269
1.3775; 243
1.3825; 246
1.3875; 228
1.3925; 265
1.3975; 222
1.4025; 220
1.4075; 218
1.4125; 216
1.4175; 217
1.4225; 221
1.4275; 193
1.4325; 221
1.4375; 194
1.4425; 167
1.4475; 189
1.4525; 158
1.4575; 154
1.4625; 158
1.4675; 181
1.4725; 155
1.4775; 177
1.4825; 167
1.4875; 122
1.4925; 148
1.4975; 133
1.5025; 136
1.5075; 129
1.5125; 112
1.5175; 128
1.5225; 125
1.5275; 134
1.5325; 136
1.5375; 108
1.5425; 106
1.5475; 105
1.5525; 98
1.5575; 121
1.5625; 91
1.5675; 99
1.5725; 113
1.5775; 111
1.5825; 83
1.5875; 95
1.5925; 75
1.5975; 93
1.6025; 83
1.6075; 80
1.6125; 75
1.6175; 73
1.6225; 66
1.6275; 65
1.6325; 82
1.6375; 67
1.6425; 70
1.6475; 70
1.6525; 79
1.6575; 57
1.6625; 73
1.6675; 57
1.6725; 64
1.6775; 66
1.6825; 53
1.6875; 43
1.6925; 53
1.6975; 50
1.7025; 58
1.7075; 54
1.7125; 45
1.7175; 44
1.7225; 51
1.7275; 31
1.7325; 54
1.7375; 27
1.7425; 48
1.7475; 34
1.7525; 32
1.7575; 45
1.7625; 29
1.7675; 36
1.7725; 26
1.7775; 34
1.7825; 38
1.7875; 32
1.7925; 32
1.7975; 29
1.8025; 24
1.8075; 23
1.8125; 24
1.8175; 21
1.8225; 28
1.8275; 19
1.8325; 19
1.8375; 25
1.8425; 16
1.8475; 14
1.8525; 21
1.8575; 17
1.8625; 11
1.8675; 17
1.8725; 17
1.8775; 17
1.8825; 6
1.8875; 22
1.8925; 14
1.8975; 23
1.9025; 19
1.9075; 16
1.9125; 22
1.9175; 16
1.9225; 16
1.9275; 9
1.9325; 14
1.9375; 16
1.9425; 18
1.9475; 10
1.9525; 13
1.9575; 8
1.9625; 12
1.9675; 9
1.9725; 9
1.9775; 14
1.9825; 9
1.9875; 15
1.9925; 9
1.9975; 19
2.0025; 6
2.0075; 9
2.0125; 12
2.0175; 7
2.0225; 6
2.0275; 12
2.0325; 10
2.0375; 7
2.0425; 8
2.0475; 10
2.0525; 5
2.0575; 9
2.0625; 6
2.0675; 12
2.0725; 8
2.0775; 5
2.0825; 7
2.0875; 9
2.0925; 12
2.0975; 13
2.1025; 6
2.1075; 6
2.1125; 5
2.1175; 9
2.1225; 8
2.1275; 2
2.1325; 7
2.1375; 7
2.1425; 7
2.1475; 6
2.1525; 6
2.1575; 1
2.1625; 2
2.1675; 5
2.1725; 9
2.1775; 10
2.1825; 11
2.1875; 6
2.1925; 3
2.1975; 4
2.2025; 3
2.2075; 9
2.2125; 5
2.2175; 2
2.2225; 4
2.2275; 2
2.2325; 6
2.2375; 5
2.2425; 3
2.2475; 3
2.2525; 6
2.2575; 6
2.2625; 3
2.2675; 6
2.2725; 5
2.2775; 6
2.2825; 5
2.2875; 4
2.2925; 3
2.2975; 7
2.3025; 7
2.3075; 4
2.3125; 2
2.3175; 4
2.3225; 4
2.3275; 2
2.3325; 6
2.3375; 3
2.3425; 6
2.3475; 2
2.3525; 2
2.3575; 7
2.3625; 1
2.3675; 7
2.3725; 3
2.3775; 5
2.3825; 6
2.3875; 0
2.3925; 4
2.3975; 1
2.4025; 6
2.4075; 2
2.4125; 5
2.4175; 2
2.4225; 1
2.4275; 6
2.4325; 2
2.4375; 3
2.4425; 3
2.4475; 1
2.4525; 3
2.4575; 3
2.4625; 4
2.4675; 0
2.4725; 1
2.4775; 2
2.4825; 2
2.4875; 3
2.4925; 3
2.4975; 5
2.5025; 1
2.5075; 3
2.5125; 5
2.5175; 0
2.5225; 3
2.5275; 2
2.5325; 4
2.5375; 1
2.5425; 2
2.5475; 1
2.5525; 0
2.5575; 1
2.5625; 0
2.5675; 3
2.5725; 4
2.5775; 1
2.5825; 1
2.5875; 2
2.5925; 1
2.5975; 4
2.6025; 0
2.6075; 2
2.6125; 1
2.6175; 2
2.6225; 2
2.6275; 1
2.6325; 0
2.6375; 0
2.6425; 3
2.6475; 3
2.6525; 0
2.6575; 3
2.6625; 1
2.6675; 1
2.6725; 0
2.6775; 4
2.6825; 2
2.6875; 1
2.6925; 3
2.6975; 2
2.7025; 1
2.7075; 0
2.7125; 2
2.7175; 2
2.7225; 4
2.7275; 5
2.7325; 4
2.7375; 7
2.7425; 2
2.7475; 3
2.7525; 0
2.7575; 1
2.7625; 0
2.7675; 4
2.7725; 2
2.7775; 0
2.7825; 1
2.7875; 2
2.7925; 2
2.7975; 0
2.8025; 3
2.8075; 3
2.8125; 2
2.8175; 3
2.8225; 1
2.8275; 1
2.8325; 2
2.8375; 1
2.8425; 0
2.8475; 2
2.8525; 1
2.8575; 2
2.8625; 4
2.8675; 1
2.8725; 1
2.8775; 1
2.8825; 2
2.8875; 3
2.8925; 3
2.8975; 0
2.9025; 4
2.9075; 1
2.9125; 1
2.9175; 1
2.9225; 0
2.9275; 5
2.9325; 1
2.9375; 1
2.9425; 1
2.9475; 1
2.9525; 2
2.9575; 1
2.9625; 1
2.9675; 1
2.9725; 3
2.9775; 2
2.9825; 0
2.9875; 2
2.9925; 1
2.9975; 0
3.0025; 3
3.0075; 1
3.0125; 1
3.0175; 4
3.0225; 4
3.0275; 1
3.0325; 2
3.0375; 5
3.0425; 1
3.0475; 1
3.0525; 2
3.0575; 2
3.0625; 2
3.0675; 2
3.0725; 0
3.0775; 3
3.0825; 2
3.0875; 2
3.0925; 2
3.0975; 2
3.1025; 4
3.1075; 2
3.1125; 0
3.1175; 1
3.1225; 1
3.1275; 2
3.1325; 1
3.1375; 0
3.1425; 1
3.1475; 3
3.1525; 2
3.1575; 1
3.1625; 4
3.1675; 1
3.1725; 1
3.1775; 1
3.1825; 1
3.1875; 1
3.1925; 2
3.1975; 2
3.2025; 1
3.2075; 0
3.2125; 3
3.2175; 1
3.2225; 0
3.2275; 0
3.2325; 3
3.2375; 0
3.2425; 0
3.2475; 1
3.2525; 1
3.2575; 0
3.2625; 1
3.2675; 0
3.2725; 2
3.2775; 0
3.2825; 2
3.2875; 3
3.2925; 0
3.2975; 2
3.3025; 1
3.3075; 2
3.3125; 0
3.3175; 1
3.3225; 1
3.3275; 2
3.3325; 1
3.3375; 2
3.3425; 2
3.3475; 2
3.3525; 2
3.3575; 2
3.3625; 3
3.3675; 0
3.3725; 3
3.3775; 0
3.3825; 1
3.3875; 2
3.3925; 2
3.3975; 1
3.4025; 3
3.4075; 3
3.4125; 1
3.4175; 1
3.4225; 0
3.4275; 2
3.4325; 2
3.4375; 0
3.4425; 3
3.4475; 1
3.4525; 1
3.4575; 2
3.4625; 2
3.4675; 0
3.4725; 1
3.4775; 0
3.4825; 3
3.4875; 1
3.4925; 2
3.4975; 0
3.5025; 1
3.5075; 0
3.5125; 0
3.5175; 1
3.5225; 0
3.5275; 0
3.5325; 1
3.5375; 1
3.5425; 2
3.5475; 2
3.5525; 0
3.5575; 0
3.5625; 0
3.5675; 0
3.5725; 2
3.5775; 1
3.5825; 2
3.5875; 0
3.5925; 2
3.5975; 2
3.6025; 1
3.6075; 2
3.6125; 0
3.6175; 3
3.6225; 4
3.6275; 2
3.6325; 2
3.6375; 2
3.6425; 2
3.6475; 0
3.6525; 1
3.6575; 0
3.6625; 0
3.6675; 0
3.6725; 1
3.6775; 1
3.6825; 0
3.6875; 2
3.6925; 0
3.6975; 0
3.7025; 0
3.7075; 0
3.7125; 2
3.7175; 0
3.7225; 1
3.7275; 0
3.7325; 1
3.7375; 1
3.7425; 0
3.7475; 0
3.7525; 1
3.7575; 1
3.7625; 0
3.7675; 1
3.7725; 1
3.7775; 3
3.7825; 0
3.7875; 1
3.7925; 2
3.7975; 3
3.8025; 2
3.8075; 0
3.8125; 1
3.8175; 1
3.8225; 2
3.8275; 1
3.8325; 0
3.8375; 2
3.8425; 2
3.8475; 0
3.8525; 0
3.8575; 3
3.8625; 4
3.8675; 2
3.8725; 2
3.8775; 0
3.8825; 1
3.8875; 0
3.8925; 0
3.8975; 2
3.9025; 2
3.9075; 0
3.9125; 2
3.9175; 1
3.9225; 0
3.9275; 1
3.9325; 0
3.9375; 2
3.9425; 3
3.9475; 1
3.9525; 2
3.9575; 2
3.9625; 4
3.9675; 2
3.9725; 1
3.9775; 2
3.9825; 0
3.9875; 0
3.9925; 2
3.9975; 2
4.0025; 2
4.0075; 0
4.0125; 2
4.0175; 1
4.0225; 2
4.0275; 0
4.0325; 0
4.0375; 1
4.0425; 0
4.0475; 2
4.0525; 0
4.0575; 0
4.0625; 1
4.0675; 1
4.0725; 0
4.0775; 0
4.0825; 0
4.0875; 0
4.0925; 0
4.0975; 0
4.1025; 1
4.1075; 1
4.1125; 1
4.1175; 2
4.1225; 2
4.1275; 1
4.1325; 0
4.1375; 1
4.1425; 0
4.1475; 2
4.1525; 2
4.1575; 2
4.1625; 0
4.1675; 1
4.1725; 0
4.1775; 1
4.1825; 0
4.1875; 2
4.1925; 2
4.1975; 0
4.2025; 1
4.2075; 0
4.2125; 3
4.2175; 1
4.2225; 1
4.2275; 2
4.2325; 1
4.2375; 1
4.2425; 1
4.2475; 0
4.2525; 0
4.2575; 1
4.2625; 0
4.2675; 1
4.2725; 2
4.2775; 3
4.2825; 0
4.2875; 2
4.2925; 0
4.2975; 0
4.3025; 0
4.3075; 0
4.3125; 1
4.3175; 2
4.3225; 1
4.3275; 2
4.3325; 0
4.3375; 2
4.3425; 0
4.3475; 1
4.3525; 1
4.3575; 1
4.3625; 1
4.3675; 1
4.3725; 0
4.3775; 0
4.3825; 0
4.3875; 1
4.3925; 1
4.3975; 1
4.4025; 0
4.4075; 0
4.4125; 0
4.4175; 0
4.4225; 1
4.4275; 0
4.4325; 2
4.4375; 0
4.4425; 0
4.4475; 1
4.4525; 1
4.4575; 1
4.4625; 0
4.4675; 0
4.4725; 1
4.4775; 0
4.4825; 0
4.4875; 0
4.4925; 1
4.4975; 2
4.5025; 3
4.5075; 0
4.5125; 1
4.5175; 1
4.5225; 0
4.5275; 0
4.5325; 1
4.5375; 0
4.5425; 1
4.5475; 0
4.5525; 1
4.5575; 1
4.5625; 1
4.5675; 0
4.5725; 0
4.5775; 0
4.5825; 1
4.5875; 2
4.5925; 0
4.5975; 1
4.6025; 1
4.6075; 3
4.6125; 1
4.6175; 0
4.6225; 1
4.6275; 0
4.6325; 1
4.6375; 0
4.6425; 0
4.6475; 1
4.6525; 0
4.6575; 1
4.6625; 1
4.6675; 1
4.6725; 1
4.6775; 0
4.6825; 0
4.6875; 2
4.6925; 1
4.6975; 2
4.7025; 0
4.7075; 2
4.7125; 1
4.7175; 0
4.7225; 0
4.7275; 2
4.7325; 1
4.7375; 1
4.7425; 1
4.7475; 0
4.7525; 0
4.7575; 1
4.7625; 0
4.7675; 2
4.7725; 1
4.7775; 1
4.7825; 0
4.7875; 2
4.7925; 2
4.7975; 3
4.8025; 0
4.8075; 2
4.8125; 1
4.8175; 3
4.8225; 1
4.8275; 0
4.8325; 2
4.8375; 2
4.8425; 2
4.8475; 4
4.8525; 1
4.8575; 0
4.8625; 2
4.8675; 2
4.8725; 1
4.8775; 0
4.8825; 1
4.8875; 2
4.8925; 3
4.8975; 0
4.9025; 0
4.9075; 1
4.9125; 5
4.9175; 0
4.9225; 1
4.9275; 0
4.9325; 2
4.9375; 1
4.9425; 2
4.9475; 0
4.9525; 3
4.9575; 1
4.9625; 1
4.9675; 1
4.9725; 1
4.9775; 0
4.9825; 2
4.9875; 1
4.9925; 0
