0.0025; 22
0.0075; 35
0.0125; 37
0.0175; 23
0.0225; 22
0.0275; 26
0.0325; 23
0.0375; 32
0.0425; 21
0.0475; 28
0.0525; 25
0.0575; 28
0.0625; 30
0.0675; 20
0.0725; 22
0.0775; 24
0.0825; 26
0.0875; 27
0.0925; 26
0.0975; 23
0.1025; 29
0.1075; 21
0.1125; 29
0.1175; 26
0.1225; 29
0.1275; 27
0.1325; 27
0.1375; 25
0.1425; 37
0.1475; 28
0.1525; 21
0.1575; 27
0.1625; 25
0.1675; 23
0.1725; 26
0.1775; 24
0.1825; 27
0.1875; 12
0.1925; 29
0.1975; 23
0.2025; 37
0.2075; 19
0.2125; 29
0.2175; 33
0.2225; 30
0.2275; 18
0.2325; 23
0.2375; 22
0.2425; 21
0.2475; 24
0.2525; 18
0.2575; 36
0.2625; 20
0.2675; 15
0.2725; 27
0.2775; 24
0.2825; 22
0.2875; 28
0.2925; 22
0.2975; 22
0.3025; 17
0.3075; 22
0.3125; 29
0.3175; 22
0.3225; 21
0.3275; 14
0.3325; 18
0.3375; 22
0.3425; 26
0.3475; 22
0.3525; 23
0.3575; 25
0.3625; 20
0.3675; 15
0.3725; 29
0.3775; 18
0.3825; 18
0.3875; 28
0.3925; 18
0.3975; 23
0.4025; 22
0.4075; 26
0.4125; 18
0.4175; 23
0.4225; 18
0.4275; 21
0.4325; 24
0.4375; 25
0.4425; 25
0.4475; 14
0.4525; 29
0.4575; 13
0.4625; 15
0.4675; 23
0.4725; 24
0.4775; 20
0.4825; 21
0.4875; 17
0.4925; 26
0.4975; 22
0.5025; 18
0.5075; 22
0.5125; 27
0.5175; 19
0.5225; 16
0.5275; 23
0.5325; 20
0.5375; 16
0.5425; 22
0.5475; 23
0.5525; 23
0.5575; 26
0.5625; 23
0.5675; 25
0.5725; 28
0.5775; 19
0.5825; 26
0.5875; 37
0.5925; 19
0.5975; 31
0.6025; 34
0.6075; 44
0.6125; 31
0.6175; 38
0.6225; 43
0.6275; 37
0.6325; 45
0.6375; 47
0.6425; 40
0.6475; 47
0.6525; 67
0.6575; 64
0.6625; 66
0.6675; 60
0.6725; 69
0.6775; 67
0.6825; 81
0.6875; 73
0.6925; 82
0.6975; 82
0.7025; 90
0.7075; 81
0.7125; 89
0.7175; 80
0.7225; 86
0.7275; 75
0.7325; 86
0.7375; 104
0.7425; 85
0.7475; 84
0.7525; 93
0.7575; 83
0.7625; 77
0.7675; 92
0.7725; 94
0.7775; 90
0.7825; 95
0.7875; 89
0.7925; 79
0.7975; 91
0.8025; 81
0.8075; 82
0.8125; 86
0.8175; 93
0.8225; 101
0.8275; 81
0.8325; 69
0.8375; 71
0.8425; 95
0.8475; 77
0.8525; 89
0.8575; 76
0.8625; 68
0.8675; 70
0.8725; 81
0.8775; 64
0.8825; 75
0.8875; 90
0.8925; 65
0.8975; 79
0.9025; 65
0.9075; 66
0.9125; 68
0.9175; 79
0.9225; 62
0.9275; 74
0.9325; 56
0.9375; 68
0.9425; 65
0.9475; 68
0.9525; 73
0.9575; 65
0.9625; 50
0.9675; 70
0.9725; 58
0.9775; 70
0.9825; 72
0.9875; 75
0.9925; 67
0.9975; 66
1.0025; 51
1.0075; 65
1.0125; 57
1.0175; 73
1.0225; 64
1.0275; 60
1.0325; 68
1.0375; 52
1.0425; 52
1.0475; 47
1.0525; 62
1.0575; 65
1.0625; 74
1.0675; 61
1.0725; 54
1.0775; 52
1.0825; 58
1.0875; 51
1.0925; 52
1.0975; 50
1.1025; 34
1.1075; 45
1.1125; 53
1.1175; 44
1.1225; 48
1.1275; 55
1.1325; 59
1.1375; 47
1.1425; 36
1.1475; 47
1.1525; 37
1.1575; 42
1.1625; 43
1.1675; 49
1.1725; 54
1.1775; 41
1.1825; 40
1.1875; 44
1.1925; 35
1.1975; 35
1.2025; 38
1.2075; 32
1.2125; 44
1.2175; 35
1.2225; 36
1.2275; 59
1.2325; 57
1.2375; 43
1.2425; 37
1.2475; 24
1.2525; 42
1.2575; 29
1.2625; 39
1.2675; 32
1.2725; 24
1.2775; 31
1.2825; 40
1.2875; 35
1.2925; 37
1.2975; 32
1.3025; 33
1.3075; 27
1.3125; 35
1.3175; 35
1.3225; 26
1.3275; 32
1.3325; 36
1.3375; 31
1.3425; 31
1.3475; 33
1.3525; 38
1.3575; 23
1.3625; 26
1.3675; 24
1.3725; 22
1.3775; 28
1.3825; 24
1.3875; 28
1.3925; 26
1.3975; 34
1.4025; 31
1.4075; 22
1.4125; 27
1.4175; 22
1.4225; 24
1.4275; 19
1.4325; 28
1.4375; 20
1.4425; 26
1.4475; 23
1.4525; 25
1.4575; 25
1.4625; 23
1.4675; 25
1.4725; 24
1.4775; 20
1.4825; 26
1.4875; 18
1.4925; 31
1.4975; 23
1.5025; 31
1.5075; 14
1.5125; 25
1.5175; 20
1.5225; 20
1.5275; 21
1.5325; 25
1.5375; 21
1.5425; 14
1.5475; 23
1.5525; 26
1.5575; 19
1.5625; 18
1.5675; 21
1.5725; 25
1.5775; 19
1.5825; 28
1.5875; 23
1.5925; 21
1.5975; 18
1.6025; 22
1.6075; 14
1.6125; 7
1.6175; 18
1.6225; 17
1.6275; 19
1.6325; 20
1.6375; 13
1.6425; 21
1.6475; 23
1.6525; 23
1.6575; 23
1.6625; 15
1.6675; 18
1.6725; 15
1.6775; 15
1.6825; 15
1.6875; 20
1.6925; 15
1.6975; 17
1.7025; 21
1.7075; 14
1.7125; 18
1.7175; 14
1.7225; 18
1.7275; 18
1.7325; 19
1.7375; 13
1.7425; 12
1.7475; 20
1.7525; 10
1.7575; 21
1.7625; 20
1.7675; 16
1.7725; 14
1.7775; 9
1.7825; 10
1.7875; 14
1.7925; 13
1.7975; 13
1.8025; 17
1.8075; 12
1.8125; 15
1.8175; 17
1.8225; 9
1.8275; 14
1.8325; 13
1.8375; 11
1.8425; 18
1.8475; 15
1.8525; 9
1.8575; 14
1.8625; 16
1.8675; 16
1.8725; 17
1.8775; 8
1.8825; 6
1.8875; 13
1.8925; 19
1.8975; 9
1.9025; 9
1.9075; 8
1.9125; 5
1.9175; 9
1.9225; 8
1.9275; 9
1.9325; 11
1.9375; 13
1.9425; 11
1.9475; 12
1.9525; 9
1.9575; 14
1.9625; 6
1.9675; 11
1.9725; 5
1.9775; 14
1.9825; 5
1.9875; 15
1.9925; 7
1.9975; 9
2.0025; 7
2.0075; 11
2.0125; 8
2.0175; 10
2.0225; 6
2.0275; 15
2.0325; 5
2.0375; 9
2.0425; 11
2.0475; 10
2.0525; 8
2.0575; 14
2.0625; 6
2.0675; 12
2.0725; 7
2.0775; 8
2.0825; 11
2.0875; 14
2.0925; 14
2.0975; 9
2.1025; 6
2.1075; 9
2.1125; 11
2.1175; 11
2.1225; 8
2.1275; 8
2.1325; 7
2.1375; 12
2.1425; 12
2.1475; 10
2.1525; 9
2.1575; 11
2.1625; 10
2.1675; 9
2.1725; 6
2.1775; 13
2.1825; 11
2.1875; 12
2.1925; 7
2.1975; 5
2.2025; 7
2.2075; 10
2.2125; 4
2.2175; 10
2.2225; 10
2.2275; 7
2.2325; 9
2.2375; 6
2.2425; 10
2.2475; 7
2.2525; 7
2.2575; 8
2.2625; 14
2.2675; 8
2.2725; 7
2.2775; 9
2.2825; 5
2.2875; 2
2.2925; 6
2.2975; 7
2.3025; 5
2.3075; 10
2.3125; 6
2.3175; 5
2.3225; 15
2.3275; 5
2.3325; 7
2.3375; 11
2.3425; 3
2.3475; 5
2.3525; 9
2.3575; 3
2.3625; 9
2.3675; 4
2.3725; 9
2.3775; 8
2.3825; 5
2.3875; 9
2.3925; 7
2.3975; 8
2.4025; 13
2.4075; 8
2.4125; 6
2.4175; 6
2.4225; 4
2.4275; 3
2.4325; 4
2.4375; 6
2.4425; 7
2.4475; 3
2.4525; 11
2.4575; 3
2.4625; 5
2.4675; 6
2.4725; 10
2.4775; 8
2.4825; 6
2.4875; 12
2.4925; 5
2.4975; 7
2.5025; 9
2.5075; 2
2.5125; 5
2.5175; 4
2.5225; 7
2.5275; 4
2.5325; 7
2.5375; 6
2.5425; 11
2.5475; 6
2.5525; 4
2.5575; 4
2.5625; 2
2.5675; 5
2.5725; 7
2.5775; 7
2.5825; 8
2.5875; 5
2.5925; 5
2.5975; 4
2.6025; 5
2.6075; 5
2.6125; 4
2.6175; 8
2.6225; 3
2.6275; 4
2.6325; 4
2.6375; 5
2.6425; 2
2.6475; 4
2.6525; 5
2.6575; 7
2.6625; 2
2.6675; 6
2.6725; 6
2.6775; 3
2.6825; 1
2.6875; 10
2.6925; 4
2.6975; 1
2.7025; 4
2.7075; 5
2.7125; 4
2.7175; 2
2.7225; 8
2.7275; 8
2.7325; 5
2.7375; 4
2.7425; 6
2.7475; 4
2.7525; 7
2.7575; 0
2.7625; 3
2.7675; 3
2.7725; 7
2.7775; 6
2.7825; 2
2.7875; 8
2.7925; 9
2.7975; 2
2.8025; 7
2.8075; 1
2.8125; 3
2.8175; 0
2.8225; 4
2.8275; 3
2.8325; 7
2.8375; 5
2.8425; 5
2.8475; 6
2.8525; 4
2.8575; 6
2.8625; 2
2.8675; 7
2.8725; 2
2.8775; 2
2.8825; 2
2.8875; 5
2.8925; 5
2.8975; 4
2.9025; 7
2.9075; 7
2.9125; 9
2.9175; 2
2.9225; 4
2.9275; 5
2.9325; 6
2.9375; 5
2.9425; 3
2.9475; 2
2.9525; 2
2.9575; 5
2.9625; 4
2.9675; 3
2.9725; 3
2.9775; 2
2.9825; 0
2.9875; 0
2.9925; 6
2.9975; 1
3.0025; 5
3.0075; 6
3.0125; 2
3.0175; 10
3.0225; 5
3.0275; 5
3.0325; 2
3.0375; 4
3.0425; 4
3.0475; 6
3.0525; 4
3.0575; 7
3.0625; 7
3.0675; 4
3.0725; 2
3.0775; 3
3.0825; 3
3.0875; 3
3.0925; 2
3.0975; 8
3.1025; 8
3.1075; 3
3.1125; 3
3.1175; 5
3.1225; 2
3.1275; 6
3.1325; 3
3.1375; 1
3.1425; 3
3.1475; 2
3.1525; 5
3.1575; 5
3.1625; 6
3.1675; 3
3.1725; 5
3.1775; 2
3.1825; 2
3.1875; 3
3.1925; 1
3.1975; 3
3.2025; 2
3.2075; 1
3.2125; 0
3.2175; 4
3.2225; 4
3.2275; 2
3.2325; 4
3.2375; 3
3.2425; 2
3.2475; 3
3.2525; 4
3.2575; 6
3.2625; 4
3.2675; 3
3.2725; 2
3.2775; 4
3.2825; 2
3.2875; 3
3.2925; 4
3.2975; 2
3.3025; 4
3.3075; 1
3.3125; 5
3.3175; 2
3.3225; 4
3.3275; 3
3.3325; 1
3.3375; 0
3.3425; 3
3.3475; 4
3.3525; 6
3.3575; 3
3.3625; 3
3.3675; 6
3.3725; 3
3.3775; 1
3.3825; 2
3.3875; 3
3.3925; 5
3.3975; 4
3.4025; 1
3.4075; 2
3.4125; 2
3.4175; 4
3.4225; 2
3.4275; 5
3.4325; 1
3.4375; 0
3.4425; 0
3.4475; 4
3.4525; 3
3.4575; 4
3.4625; 3
3.4675; 1
3.4725; 0
3.4775; 3
3.4825; 1
3.4875; 8
3.4925; 4
3.4975; 3
3.5025; 2
3.5075; 1
3.5125; 1
3.5175; 5
3.5225; 5
3.5275; 1
3.5325; 3
3.5375; 6
3.5425; 0
3.5475; 1
3.5525; 2
3.5575; 4
3.5625; 3
3.5675; 2
3.5725; 3
3.5775; 1
3.5825; 1
3.5875; 3
3.5925; 2
3.5975; 0
3.6025; 1
3.6075; 2
3.6125; 2
3.6175; 0
3.6225; 4
3.6275; 1
3.6325; 3
3.6375; 0
3.6425; 1
3.6475; 2
3.6525; 2
3.6575; 1
3.6625; 3
3.6675; 1
3.6725; 2
3.6775; 1
3.6825; 1
3.6875; 4
3.6925; 3
3.6975; 1
3.7025; 3
3.7075; 3
3.7125; 4
3.7175; 2
3.7225; 0
3.7275; 2
3.7325; 1
3.7375; 4
3.7425; 0
3.7475; 2
3.7525; 1
3.7575; 2
3.7625; 3
3.7675; 0
3.7725; 2
3.7775; 4
3.7825; 1
3.7875; 0
3.7925; 0
3.7975; 0
3.8025; 1
3.8075; 4
3.8125; 2
3.8175; 1
3.8225; 1
3.8275; 3
3.8325; 3
3.8375; 4
3.8425; 2
3.8475; 5
3.8525; 0
3.8575; 3
3.8625; 2
3.8675; 0
3.8725; 1
3.8775; 0
3.8825; 2
3.8875; 2
3.8925; 0
3.8975; 2
3.9025; 0
3.9075; 1
3.9125; 0
3.9175; 1
3.9225; 0
3.9275; 1
3.9325; 4
3.9375; 1
3.9425; 2
3.9475; 0
3.9525; 1
3.9575; 3
3.9625; 0
3.9675; 0
3.9725; 3
3.9775; 1
3.9825; 2
3.9875; 1
3.9925; 0
3.9975; 3
4.0025; 1
4.0075; 1
4.0125; 1
4.0175; 2
4.0225; 3
4.0275; 1
4.0325; 0
4.0375; 1
4.0425; 1
4.0475; 2
4.0525; 0
4.0575; 2
4.0625; 3
4.0675; 2
4.0725; 3
4.0775; 3
4.0825; 1
4.0875; 1
4.0925; 3
4.0975; 2
4.1025; 1
4.1075; 1
4.1125; 0
4.1175; 1
4.1225; 3
4.1275; 2
4.1325; 3
4.1375; 1
4.1425; 3
4.1475; 2
4.1525; 1
4.1575; 1
4.1625; 1
4.1675; 0
4.1725; 0
4.1775; 3
4.1825; 2
4.1875; 3
4.1925; 1
4.1975; 0
4.2025; 3
4.2075; 2
4.2125; 3
4.2175; 3
4.2225; 1
4.2275; 2
4.2325; 4
4.2375; 0
4.2425; 2
4.2475; 0
4.2525; 1
4.2575; 0
4.2625; 1
4.2675; 2
4.2725; 2
4.2775; 0
4.2825; 1
4.2875; 4
4.2925; 2
4.2975; 0
4.3025; 4
4.3075; 1
4.3125; 2
4.3175; 1
4.3225; 1
4.3275; 0
4.3325; 3
4.3375; 0
4.3425; 2
4.3475; 0
4.3525; 2
4.3575; 1
4.3625; 1
4.3675; 1
4.3725; 3
4.3775; 1
4.3825; 3
4.3875; 2
4.3925; 1
4.3975; 1
4.4025; 1
4.4075; 4
4.4125; 2
4.4175; 0
4.4225; 1
4.4275; 0
4.4325; 2
4.4375; 1
4.4425; 1
4.4475; 2
4.4525; 0
4.4575; 2
4.4625; 2
4.4675; 0
4.4725; 2
4.4775; 1
4.4825; 1
4.4875; 2
4.4925; 1
4.4975; 2
4.5025; 2
4.5075; 2
4.5125; 3
4.5175; 3
4.5225; 2
4.5275; 2
4.5325; 2
4.5375; 0
4.5425; 0
4.5475; 1
4.5525; 4
4.5575; 1
4.5625; 0
4.5675; 2
4.5725; 6
4.5775; 1
4.5825; 2
4.5875; 1
4.5925; 0
4.5975; 0
4.6025; 2
4.6075; 1
4.6125; 3
4.6175; 0
4.6225; 1
4.6275; 4
4.6325; 0
4.6375; 2
4.6425; 0
4.6475; 1
4.6525; 1
4.6575; 1
4.6625; 0
4.6675; 2
4.6725; 1
4.6775; 0
4.6825; 1
4.6875; 0
4.6925; 3
4.6975; 1
4.7025; 2
4.7075; 1
4.7125; 3
4.7175; 0
4.7225; 2
4.7275; 1
4.7325; 2
4.7375; 2
4.7425; 2
4.7475; 3
4.7525; 0
4.7575; 0
4.7625; 1
4.7675; 1
4.7725; 1
4.7775; 1
4.7825; 1
4.7875; 1
4.7925; 1
4.7975; 0
4.8025; 2
4.8075; 0
4.8125; 2
4.8175; 0
4.8225; 1
4.8275; 2
4.8325; 1
4.8375; 2
4.8425; 2
4.8475; 1
4.8525; 1
4.8575; 1
4.8625; 0
4.8675; 2
4.8725; 2
4.8775; 1
4.8825; 1
4.8875; 3
4.8925; 1
4.8975; 2
4.9025; 0
4.9075; 1
4.9125; 1
4.9175; 4
4.9225; 1
4.9275; 1
4.9325; 2
4.9375; 0
4.9425; 1
4.9475; 1
4.9525; 0
4.9575; 0
4.9625; 4
4.9675; 1
4.9725; 1
4.9775; 1
4.9825; 4
4.9875; 1
4.9925; 1
