0.0025; 25
0.0075; 15
0.0125; 22
0.0175; 13
0.0225; 13
0.0275; 19
0.0325; 21
0.0375; 9
0.0425; 13
0.0475; 14
0.0525; 14
0.0575; 22
0.0625; 19
0.0675; 23
0.0725; 11
0.0775; 16
0.0825; 17
0.0875; 20
0.0925; 18
0.0975; 12
0.1025; 27
0.1075; 16
0.1125; 14
0.1175; 20
0.1225; 10
0.1275; 17
0.1325; 16
0.1375; 17
0.1425; 11
0.1475; 11
0.1525; 12
0.1575; 12
0.1625; 14
0.1675; 14
0.1725; 17
0.1775; 14
0.1825; 13
0.1875; 15
0.1925; 13
0.1975; 17
0.2025; 13
0.2075; 17
0.2125; 19
0.2175; 18
0.2225; 10
0.2275; 15
0.2325; 12
0.2375; 16
0.2425; 17
0.2475; 9
0.2525; 11
0.2575; 18
0.2625; 15
0.2675; 14
0.2725; 10
0.2775; 18
0.2825; 14
0.2875; 14
0.2925; 10
0.2975; 23
0.3025; 17
0.3075; 9
0.3125; 18
0.3175; 20
0.3225; 14
0.3275; 17
0.3325; 17
0.3375; 15
0.3425; 11
0.3475; 15
0.3525; 12
0.3575; 16
0.3625; 10
0.3675; 14
0.3725; 13
0.3775; 21
0.3825; 18
0.3875; 14
0.3925; 12
0.3975; 20
0.4025; 11
0.4075; 14
0.4125; 21
0.4175; 23
0.4225; 15
0.4275; 6
0.4325; 15
0.4375; 10
0.4425; 13
0.4475; 15
0.4525; 13
0.4575; 19
0.4625; 9
0.4675; 13
0.4725; 16
0.4775; 9
0.4825; 14
0.4875; 19
0.4925; 17
0.4975; 20
0.5025; 13
0.5075; 14
0.5125; 13
0.5175; 15
0.5225; 8
0.5275; 15
0.5325; 13
0.5375; 20
0.5425; 13
0.5475; 19
0.5525; 12
0.5575; 12
0.5625; 14
0.5675; 12
0.5725; 16
0.5775; 20
0.5825; 9
0.5875; 20
0.5925; 12
0.5975; 17
0.6025; 13
0.6075; 19
0.6125; 16
0.6175; 24
0.6225; 17
0.6275; 13
0.6325; 26
0.6375; 14
0.6425; 15
0.6475; 15
0.6525; 16
0.6575; 19
0.6625; 19
0.6675; 8
0.6725; 15
0.6775; 19
0.6825; 16
0.6875; 15
0.6925; 14
0.6975; 20
0.7025; 18
0.7075; 17
0.7125; 14
0.7175; 12
0.7225; 15
0.7275; 13
0.7325; 10
0.7375; 13
0.7425; 14
0.7475; 22
0.7525; 18
0.7575; 16
0.7625; 9
0.7675; 17
0.7725; 15
0.7775; 12
0.7825; 16
0.7875; 16
0.7925; 14
0.7975; 9
0.8025; 15
0.8075; 17
0.8125; 15
0.8175; 17
0.8225; 11
0.8275; 14
0.8325; 17
0.8375; 11
0.8425; 20
0.8475; 23
0.8525; 15
0.8575; 19
0.8625; 21
0.8675; 14
0.8725; 26
0.8775; 21
0.8825; 15
0.8875; 11
0.8925; 21
0.8975; 13
0.9025; 24
0.9075; 21
0.9125; 22
0.9175; 19
0.9225; 21
0.9275; 24
0.9325; 21
0.9375; 26
0.9425; 26
0.9475; 31
0.9525; 45
0.9575; 27
0.9625; 30
0.9675; 21
0.9725; 35
0.9775; 39
0.9825; 47
0.9875; 43
0.9925; 33
0.9975; 29
1.0025; 35
1.0075; 43
1.0125; 36
1.0175; 26
1.0225; 33
1.0275; 46
1.0325; 42
1.0375; 42
1.0425; 51
1.0475; 44
1.0525; 55
1.0575; 47
1.0625; 43
1.0675; 46
1.0725; 54
1.0775; 46
1.0825; 47
1.0875; 54
1.0925; 46
1.0975; 54
1.1025; 47
1.1075; 46
1.1125; 58
1.1175; 53
1.1225; 56
1.1275; 47
1.1325; 47
1.1375; 45
1.1425; 51
1.1475; 45
1.1525; 54
1.1575; 58
1.1625; 50
1.1675; 45
1.1725; 46
1.1775; 44
1.1825; 46
1.1875; 52
1.1925; 58
1.1975; 62
1.2025; 57
1.2075; 45
1.2125; 48
1.2175; 41
1.2225; 59
1.2275; 51
1.2325; 53
1.2375; 63
1.2425; 64
1.2475; 44
1.2525; 62
1.2575; 54
1.2625; 52
1.2675; 48
1.2725; 51
1.2775; 53
1.2825; 61
1.2875; 43
1.2925; 47
1.2975; 65
1.3025; 48
1.3075; 66
1.3125; 56
1.3175; 43
1.3225; 59
1.3275; 46
1.3325; 72
1.3375; 61
1.3425; 41
1.3475; 44
1.3525; 38
1.3575; 47
1.3625; 41
1.3675; 40
1.3725; 44
1.3775; 32
1.3825; 49
1.3875; 52
1.3925; 43
1.3975; 45
1.4025; 57
1.4075; 47
1.4125; 49
1.4175; 61
1.4225; 53
1.4275; 47
1.4325; 51
1.4375; 45
1.4425; 51
1.4475; 51
1.4525; 53
1.4575; 46
1.4625; 49
1.4675; 40
1.4725; 50
1.4775; 46
1.4825; 36
1.4875; 56
1.4925; 53
1.4975; 45
1.5025; 48
1.5075; 54
1.5125; 45
1.5175; 40
1.5225; 41
1.5275; 42
1.5325; 40
1.5375; 46
1.5425; 34
1.5475; 31
1.5525; 43
1.5575; 52
1.5625; 40
1.5675; 45
1.5725; 45
1.5775; 46
1.5825; 46
1.5875; 36
1.5925; 53
1.5975; 41
1.6025; 39
1.6075; 58
1.6125; 51
1.6175; 41
1.6225; 39
1.6275; 35
1.6325; 32
1.6375; 51
1.6425; 34
1.6475; 50
1.6525; 34
1.6575; 35
1.6625; 35
1.6675; 37
1.6725; 43
1.6775; 39
1.6825; 31
1.6875; 40
1.6925; 41
1.6975; 35
1.7025; 32
1.7075; 34
1.7125; 38
1.7175; 41
1.7225; 32
1.7275; 24
1.7325; 46
1.7375; 30
1.7425; 37
1.7475; 37
1.7525; 49
1.7575; 45
1.7625; 39
1.7675; 39
1.7725; 33
1.7775; 31
1.7825; 35
1.7875; 34
1.7925; 37
1.7975; 30
1.8025; 45
1.8075; 29
1.8125; 31
1.8175; 37
1.8225; 36
1.8275; 25
1.8325; 38
1.8375; 33
1.8425; 21
1.8475; 22
1.8525; 22
1.8575; 25
1.8625; 26
1.8675; 26
1.8725; 25
1.8775; 32
1.8825; 30
1.8875; 26
1.8925; 27
1.8975; 25
1.9025; 23
1.9075; 33
1.9125; 30
1.9175; 30
1.9225; 36
1.9275; 36
1.9325; 21
1.9375; 25
1.9425; 31
1.9475; 22
1.9525; 26
1.9575; 29
1.9625; 26
1.9675; 22
1.9725; 27
1.9775; 26
1.9825; 26
1.9875; 17
1.9925; 33
1.9975; 22
2.0025; 23
2.0075; 24
2.0125; 21
2.0175; 25
2.0225; 21
2.0275; 20
2.0325; 17
2.0375; 28
2.0425; 26
2.0475; 14
2.0525; 25
2.0575; 22
2.0625; 20
2.0675; 20
2.0725; 18
2.0775; 24
2.0825; 24
2.0875; 18
2.0925; 23
2.0975; 24
2.1025; 17
2.1075; 19
2.1125; 16
2.1175; 24
2.1225; 20
2.1275; 15
2.1325; 16
2.1375; 16
2.1425; 18
2.1475; 15
2.1525; 27
2.1575; 14
2.1625; 17
2.1675; 15
2.1725; 16
2.1775; 20
2.1825; 10
2.1875; 19
2.1925; 20
2.1975; 14
2.2025; 13
2.2075; 24
2.2125; 13
2.2175; 14
2.2225; 14
2.2275; 8
2.2325; 12
2.2375; 12
2.2425; 26
2.2475; 19
2.2525; 18
2.2575; 18
2.2625; 25
2.2675; 14
2.2725; 18
2.2775; 16
2.2825; 9
2.2875; 16
2.2925; 8
2.2975; 18
2.3025; 15
2.3075; 17
2.3125; 24
2.3175; 16
2.3225; 19
2.3275; 12
2.3325; 9
2.3375; 13
2.3425; 18
2.3475; 15
2.3525; 20
2.3575; 15
2.3625; 12
2.3675; 18
2.3725; 14
2.3775; 8
2.3825; 14
2.3875; 11
2.3925; 12
2.3975; 19
2.4025; 9
2.4075; 11
2.4125; 19
2.4175; 18
2.4225; 14
2.4275; 10
2.4325; 14
2.4375; 9
2.4425; 13
2.4475; 2
2.4525; 12
2.4575; 8
2.4625; 10
2.4675; 9
2.4725; 16
2.4775; 12
2.4825; 9
2.4875; 11
2.4925; 5
2.4975; 12
2.5025; 17
2.5075; 12
2.5125; 17
2.5175; 9
2.5225; 13
2.5275; 8
2.5325; 7
2.5375; 4
2.5425; 11
2.5475; 16
2.5525; 4
2.5575; 14
2.5625; 8
2.5675; 17
2.5725; 14
2.5775; 4
2.5825; 11
2.5875; 10
2.5925; 10
2.5975; 10
2.6025; 12
2.6075; 14
2.6125; 10
2.6175; 10
2.6225; 10
2.6275; 6
2.6325; 14
2.6375; 7
2.6425; 10
2.6475; 13
2.6525; 11
2.6575; 7
2.6625; 14
2.6675; 5
2.6725; 10
2.6775; 15
2.6825; 9
2.6875; 10
2.6925; 10
2.6975; 5
2.7025; 6
2.7075; 9
2.7125; 14
2.7175; 13
2.7225; 6
2.7275; 11
2.7325; 14
2.7375; 7
2.7425; 10
2.7475; 4
2.7525; 6
2.7575; 6
2.7625; 9
2.7675; 14
2.7725; 7
2.7775; 7
2.7825; 9
2.7875; 9
2.7925; 8
2.7975; 10
2.8025; 9
2.8075; 14
2.8125; 6
2.8175; 12
2.8225; 3
2.8275; 7
2.8325; 11
2.8375; 12
2.8425; 9
2.8475; 7
2.8525; 3
2.8575; 8
2.8625; 9
2.8675; 8
2.8725; 8
2.8775; 10
2.8825; 1
2.8875; 7
2.8925; 7
2.8975; 8
2.9025; 10
2.9075; 8
2.9125; 12
2.9175; 13
2.9225; 12
2.9275; 5
2.9325; 5
2.9375; 2
2.9425; 3
2.9475; 10
2.9525; 8
2.9575; 10
2.9625; 7
2.9675; 6
2.9725; 6
2.9775; 4
2.9825; 5
2.9875; 6
2.9925; 5
2.9975; 7
3.0025; 5
3.0075; 8
3.0125; 6
3.0175; 4
3.0225; 4
3.0275; 10
3.0325; 2
3.0375; 6
3.0425; 7
3.0475; 6
3.0525; 8
3.0575; 10
3.0625; 8
3.0675; 5
3.0725; 7
3.0775; 4
3.0825; 7
3.0875; 3
3.0925; 7
3.0975; 8
3.1025; 8
3.1075; 10
3.1125; 7
3.1175; 4
3.1225; 8
3.1275; 8
3.1325; 2
3.1375; 9
3.1425; 4
3.1475; 6
3.1525; 2
3.1575; 2
3.1625; 7
3.1675; 6
3.1725; 5
3.1775; 2
3.1825; 5
3.1875; 3
3.1925; 4
3.1975; 6
3.2025; 6
3.2075; 7
3.2125; 2
3.2175; 8
3.2225; 6
3.2275; 7
3.2325; 11
3.2375; 6
3.2425; 2
3.2475; 7
3.2525; 3
3.2575; 4
3.2625; 9
3.2675; 4
3.2725; 4
3.2775; 10
3.2825; 6
3.2875; 7
3.2925; 6
3.2975; 4
3.3025; 1
3.3075; 2
3.3125; 5
3.3175; 6
3.3225; 5
3.3275; 3
3.3325; 5
3.3375; 4
3.3425; 7
3.3475; 4
3.3525; 4
3.3575; 5
3.3625; 4
3.3675; 2
3.3725; 3
3.3775; 6
3.3825; 5
3.3875; 8
3.3925; 2
3.3975; 4
3.4025; 7
3.4075; 9
3.4125; 6
3.4175; 4
3.4225; 5
3.4275; 5
3.4325; 4
3.4375; 4
3.4425; 5
3.4475; 4
3.4525; 6
3.4575; 5
3.4625; 1
3.4675; 0
3.4725; 5
3.4775; 3
3.4825; 6
3.4875; 5
3.4925; 4
3.4975; 4
3.5025; 6
3.5075; 2
3.5125; 6
3.5175; 4
3.5225; 4
3.5275; 4
3.5325; 4
3.5375; 2
3.5425; 5
3.5475; 3
3.5525; 4
3.5575; 5
3.5625; 4
3.5675; 0
3.5725; 5
3.5775; 5
3.5825; 7
3.5875; 3
3.5925; 3
3.5975; 1
3.6025; 6
3.6075; 6
3.6125; 5
3.6175; 4
3.6225; 4
3.6275; 8
3.6325; 5
3.6375; 3
3.6425; 6
3.6475; 1
3.6525; 8
3.6575; 3
3.6625; 3
3.6675; 6
3.6725; 4
3.6775; 3
3.6825; 2
3.6875; 6
3.6925; 2
3.6975; 4
3.7025; 4
3.7075; 4
3.7125; 5
3.7175; 2
3.7225; 2
3.7275; 1
3.7325; 1
3.7375; 4
3.7425; 4
3.7475; 3
3.7525; 6
3.7575; 3
3.7625; 5
3.7675; 1
3.7725; 3
3.7775; 6
3.7825; 3
3.7875; 3
3.7925; 7
3.7975; 2
3.8025; 1
3.8075; 2
3.8125; 4
3.8175; 4
3.8225; 3
3.8275; 1
3.8325; 2
3.8375; 3
3.8425; 3
3.8475; 2
3.8525; 3
3.8575; 4
3.8625; 5
3.8675; 5
3.8725; 4
3.8775; 1
3.8825; 3
3.8875; 3
3.8925; 2
3.8975; 3
3.9025; 5
3.9075; 4
3.9125; 2
3.9175; 2
3.9225; 4
3.9275; 4
3.9325; 0
3.9375; 1
3.9425; 0
3.9475; 1
3.9525; 3
3.9575; 3
3.9625; 1
3.9675; 2
3.9725; 2
3.9775; 6
3.9825; 4
3.9875; 3
3.9925; 2
3.9975; 6
4.0025; 2
4.0075; 8
4.0125; 2
4.0175; 3
4.0225; 2
4.0275; 3
4.0325; 4
4.0375; 1
4.0425; 1
4.0475; 1
4.0525; 3
4.0575; 2
4.0625; 3
4.0675; 1
4.0725; 1
4.0775; 1
4.0825; 3
4.0875; 3
4.0925; 1
4.0975; 2
4.1025; 1
4.1075; 2
4.1125; 2
4.1175; 2
4.1225; 4
4.1275; 6
4.1325; 2
4.1375; 1
4.1425; 4
4.1475; 4
4.1525; 5
4.1575; 3
4.1625; 2
4.1675; 2
4.1725; 0
4.1775; 2
4.1825; 5
4.1875; 2
4.1925; 2
4.1975; 4
4.2025; 1
4.2075; 4
4.2125; 1
4.2175; 1
4.2225; 1
4.2275; 2
4.2325; 2
4.2375; 4
4.2425; 0
4.2475; 2
4.2525; 4
4.2575; 2
4.2625; 4
4.2675; 1
4.2725; 3
4.2775; 4
4.2825; 2
4.2875; 1
4.2925; 1
4.2975; 2
4.3025; 2
4.3075; 3
4.3125; 2
4.3175; 1
4.3225; 0
4.3275; 1
4.3325; 2
4.3375; 3
4.3425; 5
4.3475; 0
4.3525; 1
4.3575; 0
4.3625; 0
4.3675; 5
4.3725; 0
4.3775; 2
4.3825; 2
4.3875; 2
4.3925; 4
4.3975; 3
4.4025; 5
4.4075; 3
4.4125; 2
4.4175; 3
4.4225; 3
4.4275; 4
4.4325; 3
4.4375; 3
4.4425; 2
4.4475; 2
4.4525; 3
4.4575; 3
4.4625; 3
4.4675; 5
4.4725; 2
4.4775; 1
4.4825; 7
4.4875; 4
4.4925; 2
4.4975; 2
4.5025; 4
4.5075; 2
4.5125; 1
4.5175; 2
4.5225; 2
4.5275; 1
4.5325; 1
4.5375; 1
4.5425; 0
4.5475; 1
4.5525; 3
4.5575; 2
4.5625; 0
4.5675; 5
4.5725; 2
4.5775; 1
4.5825; 2
4.5875; 0
4.5925; 1
4.5975; 1
4.6025; 0
4.6075; 0
4.6125; 1
4.6175; 0
4.6225; 0
4.6275; 4
4.6325; 1
4.6375; 2
4.6425; 1
4.6475; 0
4.6525; 1
4.6575; 3
4.6625; 0
4.6675; 0
4.6725; 2
4.6775; 0
4.6825; 4
4.6875; 1
4.6925; 4
4.6975; 0
4.7025; 1
4.7075; 0
4.7125; 0
4.7175; 0
4.7225; 0
4.7275; 1
4.7325; 5
4.7375; 1
4.7425; 0
4.7475; 0
4.7525; 2
4.7575; 1
4.7625; 0
4.7675; 3
4.7725; 2
4.7775; 2
4.7825; 0
4.7875; 0
4.7925; 5
4.7975; 3
4.8025; 1
4.8075; 2
4.8125; 2
4.8175; 2
4.8225; 3
4.8275; 0
4.8325; 3
4.8375; 1
4.8425; 1
4.8475; 2
4.8525; 3
4.8575; 1
4.8625; 2
4.8675; 2
4.8725; 1
4.8775; 4
4.8825; 5
4.8875; 3
4.8925; 2
4.8975; 4
4.9025; 0
4.9075; 1
4.9125; 1
4.9175; 2
4.9225; 3
4.9275; 4
4.9325; 1
4.9375; 1
4.9425; 1
4.9475; 4
4.9525; 1
4.9575; 4
4.9625; 2
4.9675; 1
4.9725; 3
4.9775; 0
4.9825; 3
4.9875; 2
4.9925; 3
