0.025; 15
0.075; 19
0.125; 15
0.175; 14
0.225; 9
0.275; 9
0.325; 17
0.375; 7
0.425; 10
0.475; 8
0.525; 12
0.575; 16
0.625; 11
0.675; 9
0.725; 9
0.775; 8
0.825; 12
0.875; 2
0.925; 10
0.975; 9
1.025; 10
1.075; 22
1.125; 199
1.175; 1677
1.225; 5294
1.275; 8828
1.325; 10654
1.375; 10070
1.425; 8794
1.475; 7119
1.525; 5930
1.575; 4522
1.625; 3682
1.675; 2879
1.725; 2144
1.775; 1644
1.825; 1171
1.875; 885
1.925; 685
1.975; 507
2.025; 372
2.075; 285
2.125; 222
2.175; 174
2.225; 156
2.275; 138
2.325; 104
2.375; 88
2.425; 95
2.475; 90
2.525; 79
2.575; 56
2.625; 65
2.675; 51
2.725; 52
2.775; 67
2.825; 52
2.875; 52
2.925; 48
2.975; 45
3.025; 52
3.075; 40
3.125; 33
3.175; 43
3.225; 46
3.275; 39
3.325; 40
3.375; 24
3.425; 30
3.475; 25
3.525; 34
3.575; 32
3.625; 27
3.675; 22
3.725; 32
3.775; 26
3.825; 30
3.875; 22
3.925; 22
3.975; 16
4.025; 20
4.075; 29
4.125; 21
4.175; 16
4.225; 12
4.275; 15
4.325; 17
4.375; 16
4.425; 14
4.475; 22
4.525; 10
4.575; 28
4.625; 17
4.675; 13
4.725; 10
4.775; 10
4.825; 14
4.875; 9
4.925; 12
4.975; 8
5.025; 16
5.075; 8
5.125; 9
5.175; 8
5.225; 10
5.275; 12
5.325; 6
5.375; 12
5.425; 15
5.475; 12
5.525; 11
5.575; 14
5.625; 14
5.675; 9
5.725; 6
5.775; 18
5.825; 14
5.875; 11
5.925; 6
5.975; 6
6.025; 11
6.075; 11
6.125; 4
6.175; 13
6.225; 7
6.275; 7
6.325; 8
6.375; 8
6.425; 11
6.475; 7
6.525; 6
6.575; 5
6.625; 9
6.675; 6
6.725; 6
6.775; 15
6.825; 4
6.875; 8
6.925; 5
6.975; 5
7.025; 6
7.075; 6
7.125; 8
7.175; 9
7.225; 4
7.275; 10
7.325; 3
7.375; 6
7.425; 5
7.475; 5
7.525; 4
7.575; 6
7.625; 7
7.675; 3
7.725; 6
7.775; 6
7.825; 7
7.875; 5
7.925; 3
7.975; 6
8.025; 4
8.075; 4
8.125; 7
8.175; 2
8.225; 9
8.275; 6
8.325; 4
8.375; 4
8.425; 4
8.475; 2
8.525; 10
8.575; 3
8.625; 3
8.675; 2
8.725; 4
8.775; 5
8.825; 2
8.875; 5
8.925; 6
8.975; 5
9.025; 7
9.075; 2
9.125; 4
9.175; 4
9.225; 2
9.275; 3
9.325; 5
9.375; 6
9.425; 8
9.475; 2
9.525; 1
9.575; 4
9.625; 1
9.675; 5
9.725; 4
9.775; 2
9.825; 1
9.875; 4
9.925; 4
9.975; 4
10.025; 7
10.075; 2
10.125; 6
10.175; 6
10.225; 2
10.275; 2
10.325; 4
10.375; 2
10.425; 4
10.475; 5
10.525; 1
10.575; 5
10.625; 4
10.675; 2
10.725; 0
10.775; 1
10.825; 2
10.875; 3
10.925; 3
10.975; 1
11.025; 7
11.075; 2
11.125; 3
11.175; 2
11.225; 1
11.275; 3
11.325; 3
11.375; 4
11.425; 3
11.475; 2
11.525; 3
11.575; 4
11.625; 2
11.675; 8
11.725; 5
11.775; 2
11.825; 6
11.875; 3
11.925; 4
11.975; 2
12.025; 3
12.075; 2
12.125; 2
12.175; 5
12.225; 1
12.275; 2
12.325; 4
12.375; 3
12.425; 1
12.475; 4
12.525; 3
12.575; 2
12.625; 5
12.675; 0
12.725; 3
12.775; 1
12.825; 2
12.875; 4
12.925; 4
12.975; 4
13.025; 4
13.075; 2
13.125; 3
13.175; 5
13.225; 2
13.275; 2
13.325; 1
13.375; 0
13.425; 0
13.475; 3
13.525; 3
13.575; 4
13.625; 2
13.675; 1
13.725; 4
13.775; 4
13.825; 1
13.875; 9
13.925; 1
13.975; 1
14.025; 4
14.075; 1
14.125; 3
14.175; 2
14.225; 1
14.275; 1
14.325; 2
14.375; 2
14.425; 1
14.475; 0
14.525; 2
14.575; 2
14.625; 2
14.675; 1
14.725; 1
14.775; 5
14.825; 3
14.875; 4
14.925; 0
14.975; 1
15.025; 4
15.075; 2
15.125; 3
15.175; 2
15.225; 2
15.275; 1
15.325; 0
15.375; 4
15.425; 4
15.475; 2
15.525; 1
15.575; 2
15.625; 5
15.675; 2
15.725; 2
15.775; 2
15.825; 1
15.875; 1
15.925; 0
15.975; 0
16.025; 2
16.075; 1
16.125; 2
16.175; 3
16.225; 5
16.275; 2
16.325; 2
16.375; 2
16.425; 2
16.475; 0
16.525; 3
16.575; 0
16.625; 5
16.675; 2
16.725; 1
16.775; 1
16.825; 1
16.875; 0
16.925; 0
16.975; 2
17.025; 3
17.075; 2
17.125; 1
17.175; 1
17.225; 3
17.275; 1
17.325; 2
17.375; 1
17.425; 0
17.475; 2
17.525; 1
17.575; 0
17.625; 1
17.675; 1
17.725; 1
17.775; 1
17.825; 2
17.875; 2
17.925; 3
17.975; 3
18.025; 1
18.075; 2
18.125; 0
18.175; 0
18.225; 2
18.275; 0
18.325; 0
18.375; 2
18.425; 3
18.475; 2
18.525; 1
18.575; 1
18.625; 0
18.675; 1
18.725; 1
18.775; 0
18.825; 0
18.875; 1
18.925; 1
18.975; 1
19.025; 1
19.075; 0
19.125; 1
19.175; 0
19.225; 0
19.275; 2
19.325; 1
19.375; 1
19.425; 0
19.475; 0
19.525; 0
19.575; 1
19.625; 1
19.675; 0
19.725; 2
19.775; 0
19.825; 0
19.875; 2
19.925; 1
19.975; 0
20.025; 0
20.075; 1
20.125; 1
20.175; 1
20.225; 3
20.275; 0
20.325; 1
20.375; 0
20.425; 1
20.475; 2
20.525; 0
20.575; 1
20.625; 2
20.675; 1
20.725; 1
20.775; 1
20.825; 0
20.875; 2
20.925; 0
20.975; 1
21.025; 2
21.075; 0
21.125; 2
21.175; 1
21.225; 1
21.275; 2
21.325; 2
21.375; 1
21.425; 1
21.475; 2
21.525; 0
21.575; 1
21.625; 0
21.675; 0
21.725; 0
21.775; 1
21.825; 1
21.875; 2
21.925; 1
21.975; 3
22.025; 0
22.075; 0
22.125; 1
22.175; 0
22.225; 1
22.275; 0
22.325; 0
22.375; 0
22.425; 0
22.475; 0
22.525; 1
22.575; 0
22.625; 1
22.675; 1
22.725; 0
22.775; 0
22.825; 1
22.875; 1
22.925; 0
22.975; 0
23.025; 0
23.075; 0
23.125; 0
23.175; 0
23.225; 0
23.275; 0
23.325; 2
23.375; 3
23.425; 0
23.475; 1
23.525; 1
23.575; 1
23.625; 1
23.675; 3
23.725; 2
23.775; 1
23.825; 2
23.875; 0
23.925; 0
23.975; 1
24.025; 1
24.075; 0
24.125; 0
24.175; 1
24.225; 0
24.275; 1
24.325; 0
24.375; 1
24.425; 0
24.475; 0
24.525; 0
24.575; 0
24.625; 0
24.675; 0
24.725; 0
24.775; 1
24.825; 1
24.875; 2
24.925; 2
24.975; 2
25.025; 0
25.075; 1
25.125; 0
25.175; 0
25.225; 2
25.275; 0
25.325; 0
25.375; 2
25.425; 0
25.475; 0
25.525; 1
25.575; 0
25.625; 0
25.675; 1
25.725; 1
25.775; 1
25.825; 0
25.875; 0
25.925; 0
25.975; 1
26.025; 0
26.075; 0
26.125; 2
26.175; 1
26.225; 1
26.275; 0
26.325; 0
26.375; 0
26.425; 0
26.475; 0
26.525; 1
26.575; 0
26.625; 0
26.675; 0
26.725; 0
26.775; 0
26.825; 0
26.875; 1
26.925; 1
26.975; 0
27.025; 1
27.075; 1
27.125; 1
27.175; 0
27.225; 0
27.275; 1
27.325; 1
27.375; 0
27.425; 0
27.475; 1
27.525; 0
27.575; 0
27.625; 1
27.675; 0
27.725; 2
27.775; 0
27.825; 0
27.875; 0
27.925; 0
27.975; 2
28.025; 2
28.075; 0
28.125; 0
28.175; 1
28.225; 0
28.275; 0
28.325; 0
28.375; 1
28.425; 1
28.475; 0
28.525; 1
28.575; 0
28.625; 0
28.675; 0
28.725; 0
28.775; 0
28.825; 1
28.875; 0
28.925; 0
28.975; 0
29.025; 0
29.075; 0
29.125; 0
29.175; 1
29.225; 1
29.275; 0
29.325; 1
29.375; 0
29.425; 1
29.475; 1
29.525; 1
29.575; 0
29.625; 1
29.675; 0
29.725; 0
29.775; 1
29.825; 0
29.875; 1
29.925; 0
29.975; 0
30.025; 0
30.075; 0
30.125; 0
30.175; 0
30.225; 1
30.275; 0
30.325; 0
30.375; 0
30.425; 1
30.475; 2
30.525; 0
30.575; 1
30.625; 0
30.675; 1
30.725; 1
30.775; 0
30.825; 0
30.875; 0
30.925; 0
30.975; 1
31.025; 0
31.075; 0
31.125; 0
31.175; 0
31.225; 0
31.275; 0
31.325; 0
31.375; 0
31.425; 0
31.475; 0
31.525; 0
31.575; 0
31.625; 0
31.675; 0
31.725; 0
31.775; 1
31.825; 0
31.875; 1
31.925; 0
31.975; 1
32.025; 0
32.075; 0
32.125; 0
32.175; 0
32.225; 0
32.275; 0
32.325; 0
32.375; 0
32.425; 0
32.475; 0
32.525; 1
32.575; 0
32.625; 0
32.675; 0
32.725; 0
32.775; 0
32.825; 0
32.875; 0
32.925; 0
32.975; 0
33.025; 0
33.075; 0
33.125; 0
33.175; 0
33.225; 1
33.275; 0
33.325; 0
33.375; 0
33.425; 0
33.475; 0
33.525; 0
33.575; 0
33.625; 0
33.675; 1
33.725; 0
33.775; 0
33.825; 0
33.875; 1
33.925; 0
33.975; 0
34.025; 0
34.075; 0
34.125; 0
34.175; 0
34.225; 0
34.275; 0
34.325; 0
34.375; 0
34.425; 1
34.475; 0
34.525; 0
34.575; 0
34.625; 1
34.675; 0
34.725; 1
34.775; 0
34.825; 0
34.875; 1
34.925; 0
34.975; 0
35.025; 1
35.075; 0
35.125; 0
35.175; 0
35.225; 0
35.275; 0
35.325; 0
35.375; 1
35.425; 1
35.475; 0
35.525; 0
35.575; 0
35.625; 1
35.675; 0
35.725; 0
35.775; 0
35.825; 0
35.875; 0
35.925; 0
35.975; 0
36.025; 0
36.075; 0
36.125; 0
36.175; 0
36.225; 0
36.275; 1
36.325; 0
36.375; 0
36.425; 0
36.475; 0
36.525; 0
36.575; 0
36.625; 0
36.675; 0
36.725; 0
36.775; 1
36.825; 0
36.875; 0
36.925; 0
36.975; 0
37.025; 1
37.075; 0
37.125; 0
37.175; 0
37.225; 0
37.275; 0
37.325; 0
37.375; 0
37.425; 0
37.475; 0
37.525; 0
37.575; 0
37.625; 0
37.675; 0
37.725; 0
37.775; 0
37.825; 0
37.875; 0
37.925; 0
37.975; 0
38.025; 0
38.075; 0
38.125; 0
38.175; 0
38.225; 0
38.275; 0
38.325; 0
38.375; 0
38.425; 0
38.475; 0
38.525; 0
38.575; 0
38.625; 1
38.675; 0
38.725; 1
38.775; 0
38.825; 0
38.875; 0
38.925; 0
38.975; 0
39.025; 0
39.075; 0
39.125; 0
39.175; 1
39.225; 0
39.275; 0
39.325; 0
39.375; 0
39.425; 0
39.475; 0
39.525; 0
39.575; 0
39.625; 0
39.675; 0
39.725; 1
39.775; 0
39.825; 0
39.875; 0
39.925; 0
39.975; 1
40.025; 0
40.075; 0
40.125; 0
40.175; 0
40.225; 0
40.275; 0
40.325; 1
40.375; 0
40.425; 0
40.475; 0
40.525; 0
40.575; 0
40.625; 0
40.675; 1
40.725; 0
40.775; 0
40.825; 0
40.875; 0
40.925; 0
40.975; 0
41.025; 0
41.075; 0
41.125; 0
41.175; 1
41.225; 0
41.275; 0
41.325; 0
41.375; 0
41.425; 1
41.475; 0
41.525; 0
41.575; 0
41.625; 0
41.675; 0
41.725; 0
41.775; 0
41.825; 0
41.875; 0
41.925; 0
41.975; 0
42.025; 0
42.075; 0
42.125; 0
42.175; 0
42.225; 0
42.275; 0
42.325; 1
42.375; 0
42.425; 0
42.475; 0
42.525; 0
42.575; 0
42.625; 0
42.675; 1
42.725; 0
42.775; 0
42.825; 0
42.875; 0
42.925; 2
42.975; 0
43.025; 0
43.075; 0
43.125; 0
43.175; 0
43.225; 1
43.275; 0
43.325; 0
43.375; 0
43.425; 0
43.475; 0
43.525; 0
43.575; 0
43.625; 0
43.675; 0
43.725; 0
43.775; 0
43.825; 0
43.875; 0
43.925; 0
43.975; 0
44.025; 0
44.075; 0
44.125; 0
44.175; 0
44.225; 0
44.275; 0
44.325; 0
44.375; 0
44.425; 0
44.475; 0
44.525; 1
44.575; 0
44.625; 0
44.675; 0
44.725; 0
44.775; 0
44.825; 0
44.875; 0
44.925; 0
44.975; 0
45.025; 0
45.075; 0
45.125; 0
45.175; 0
45.225; 0
45.275; 0
45.325; 0
45.375; 0
45.425; 0
45.475; 0
45.525; 0
45.575; 0
45.625; 0
45.675; 0
45.725; 0
45.775; 0
45.825; 0
45.875; 0
45.925; 0
45.975; 0
46.025; 0
46.075; 0
46.125; 0
46.175; 0
46.225; 0
46.275; 0
46.325; 0
46.375; 0
46.425; 0
46.475; 0
46.525; 0
46.575; 0
46.625; 0
46.675; 0
46.725; 0
46.775; 0
46.825; 0
46.875; 0
46.925; 0
46.975; 0
47.025; 0
47.075; 0
47.125; 0
47.175; 0
47.225; 0
47.275; 0
47.325; 0
47.375; 0
47.425; 0
47.475; 0
47.525; 0
47.575; 0
47.625; 0
47.675; 0
47.725; 0
47.775; 0
47.825; 0
47.875; 0
47.925; 0
47.975; 0
48.025; 0
48.075; 0
48.125; 0
48.175; 0
48.225; 0
48.275; 0
48.325; 0
48.375; 0
48.425; 0
48.475; 0
48.525; 0
48.575; 0
48.625; 0
48.675; 0
48.725; 0
48.775; 0
48.825; 0
48.875; 0
48.925; 0
48.975; 0
49.025; 0
49.075; 0
49.125; 0
49.175; 0
49.225; 0
49.275; 0
49.325; 0
49.375; 0
49.425; 0
49.475; 0
49.525; 0
49.575; 0
49.625; 0
49.675; 0
49.725; 0
49.775; 0
49.825; 0
49.875; 0
49.925; 0
