0.025; 11
0.075; 4
0.125; 10
0.175; 7
0.225; 2
0.275; 5
0.325; 3
0.375; 2
0.425; 6
0.475; 6
0.525; 2
0.575; 6
0.625; 4
0.675; 6
0.725; 5
0.775; 4
0.825; 3
0.875; 6
0.925; 6
0.975; 6
1.025; 4
1.075; 5
1.125; 2
1.175; 5
1.225; 8
1.275; 7
1.325; 5
1.375; 7
1.425; 9
1.475; 4
1.525; 3
1.575; 6
1.625; 7
1.675; 4
1.725; 9
1.775; 3
1.825; 8
1.875; 3
1.925; 4
1.975; 4
2.025; 4
2.075; 4
2.125; 2
2.175; 9
2.225; 9
2.275; 14
2.325; 7
2.375; 7
2.425; 5
2.475; 8
2.525; 6
2.575; 6
2.625; 9
2.675; 3
2.725; 9
2.775; 3
2.825; 7
2.875; 7
2.925; 4
2.975; 6
3.025; 5
3.075; 4
3.125; 5
3.175; 9
3.225; 8
3.275; 5
3.325; 2
3.375; 5
3.425; 6
3.475; 5
3.525; 3
3.575; 4
3.625; 2
3.675; 3
3.725; 5
3.775; 10
3.825; 5
3.875; 7
3.925; 2
3.975; 8
4.025; 3
4.075; 7
4.125; 1
4.175; 7
4.225; 5
4.275; 1
4.325; 0
4.375; 4
4.425; 5
4.475; 7
4.525; 2
4.575; 4
4.625; 1
4.675; 3
4.725; 2
4.775; 6
4.825; 4
4.875; 4
4.925; 4
4.975; 5
5.025; 5
5.075; 4
5.125; 6
5.175; 3
5.225; 1
5.275; 4
5.325; 6
5.375; 4
5.425; 6
5.475; 2
5.525; 4
5.575; 5
5.625; 3
5.675; 9
5.725; 4
5.775; 5
5.825; 7
5.875; 5
5.925; 4
5.975; 1
6.025; 1
6.075; 2
6.125; 6
6.175; 2
6.225; 6
6.275; 8
6.325; 5
6.375; 8
6.425; 5
6.475; 5
6.525; 6
6.575; 4
6.625; 9
6.675; 1
6.725; 3
6.775; 4
6.825; 8
6.875; 7
6.925; 2
6.975; 6
7.025; 12
7.075; 13
7.125; 9
7.175; 11
7.225; 11
7.275; 6
7.325; 8
7.375; 11
7.425; 10
7.475; 12
7.525; 8
7.575; 9
7.625; 15
7.675; 8
7.725; 9
7.775; 12
7.825; 8
7.875; 10
7.925; 11
7.975; 10
8.025; 7
8.075; 8
8.125; 17
8.175; 7
8.225; 5
8.275; 14
8.325; 11
8.375; 14
8.425; 8
8.475; 10
8.525; 9
8.575; 6
8.625; 2
8.675; 6
8.725; 3
8.775; 10
8.825; 9
8.875; 6
8.925; 12
8.975; 7
9.025; 5
9.075; 12
9.125; 7
9.175; 7
9.225; 17
9.275; 16
9.325; 22
9.375; 22
9.425; 13
9.475; 14
9.525; 15
9.575; 20
9.625; 22
9.675; 26
9.725; 15
9.775; 23
9.825; 21
9.875; 33
9.925; 27
9.975; 22
10.025; 35
10.075; 27
10.125; 26
10.175; 24
10.225; 33
10.275; 21
10.325; 25
10.375; 19
10.425; 20
10.475; 33
10.525; 27
10.575; 23
10.625; 15
10.675; 23
10.725; 18
10.775; 16
10.825; 21
10.875; 20
10.925; 22
10.975; 26
11.025; 12
11.075; 12
11.125; 13
11.175; 14
11.225; 16
11.275; 17
11.325; 12
11.375; 14
11.425; 14
11.475; 13
11.525; 14
11.575; 12
11.625; 12
11.675; 11
11.725; 10
11.775; 19
11.825; 15
11.875; 10
11.925; 12
11.975; 11
12.025; 10
12.075; 11
12.125; 17
12.175; 12
12.225; 12
12.275; 14
12.325; 13
12.375; 11
12.425; 13
12.475; 7
12.525; 11
12.575; 5
12.625; 9
12.675; 14
12.725; 6
12.775; 10
12.825; 4
12.875; 4
12.925; 9
12.975; 7
13.025; 7
13.075; 9
13.125; 12
13.175; 9
13.225; 11
13.275; 6
13.325; 6
13.375; 3
13.425; 7
13.475; 6
13.525; 8
13.575; 7
13.625; 6
13.675; 8
13.725; 6
13.775; 9
13.825; 9
13.875; 7
13.925; 7
13.975; 5
14.025; 9
14.075; 5
14.125; 11
14.175; 5
14.225; 7
14.275; 3
14.325; 6
14.375; 4
14.425; 6
14.475; 7
14.525; 6
14.575; 6
14.625; 9
14.675; 10
14.725; 5
14.775; 5
14.825; 3
14.875; 3
14.925; 5
14.975; 3
15.025; 0
15.075; 6
15.125; 12
15.175; 2
15.225; 10
15.275; 7
15.325; 4
15.375; 4
15.425; 5
15.475; 6
15.525; 5
15.575; 3
15.625; 3
15.675; 4
15.725; 2
15.775; 4
15.825; 8
15.875; 9
15.925; 3
15.975; 2
16.025; 2
16.075; 3
16.125; 3
16.175; 4
16.225; 9
16.275; 3
16.325; 6
16.375; 5
16.425; 1
16.475; 3
16.525; 2
16.575; 3
16.625; 3
16.675; 5
16.725; 5
16.775; 5
16.825; 1
16.875; 5
16.925; 4
16.975; 4
17.025; 4
17.075; 3
17.125; 2
17.175; 3
17.225; 4
17.275; 1
17.325; 3
17.375; 2
17.425; 2
17.475; 2
17.525; 3
17.575; 2
17.625; 2
17.675; 4
17.725; 0
17.775; 3
17.825; 4
17.875; 4
17.925; 4
17.975; 2
18.025; 6
18.075; 4
18.125; 5
18.175; 2
18.225; 1
18.275; 4
18.325; 2
18.375; 1
18.425; 2
18.475; 1
18.525; 0
18.575; 5
18.625; 2
18.675; 0
18.725; 3
18.775; 2
18.825; 0
18.875; 4
18.925; 2
18.975; 4
19.025; 4
19.075; 1
19.125; 3
19.175; 4
19.225; 0
19.275; 0
19.325; 1
19.375; 2
19.425; 1
19.475; 1
19.525; 3
19.575; 2
19.625; 4
19.675; 2
19.725; 1
19.775; 0
19.825; 4
19.875; 2
19.925; 2
19.975; 2
20.025; 3
20.075; 2
20.125; 1
20.175; 1
20.225; 1
20.275; 2
20.325; 3
20.375; 2
20.425; 3
20.475; 3
20.525; 2
20.575; 1
20.625; 3
20.675; 2
20.725; 2
20.775; 2
20.825; 2
20.875; 1
20.925; 0
20.975; 3
21.025; 0
21.075; 0
21.125; 1
21.175; 2
21.225; 0
21.275; 0
21.325; 5
21.375; 1
21.425; 0
21.475; 2
21.525; 3
21.575; 4
21.625; 2
21.675; 1
21.725; 3
21.775; 1
21.825; 0
21.875; 3
21.925; 1
21.975; 1
22.025; 1
22.075; 0
22.125; 2
22.175; 2
22.225; 0
22.275; 2
22.325; 1
22.375; 2
22.425; 0
22.475; 1
22.525; 1
22.575; 3
22.625; 2
22.675; 0
22.725; 0
22.775; 0
22.825; 2
22.875; 2
22.925; 3
22.975; 1
23.025; 0
23.075; 0
23.125; 0
23.175; 2
23.225; 1
23.275; 0
23.325; 1
23.375; 1
23.425; 1
23.475; 1
23.525; 1
23.575; 1
23.625; 1
23.675; 0
23.725; 1
23.775; 2
23.825; 0
23.875; 2
23.925; 0
23.975; 0
24.025; 1
24.075; 0
24.125; 0
24.175; 0
24.225; 0
24.275; 0
24.325; 1
24.375; 1
24.425; 1
24.475; 0
24.525; 0
24.575; 2
24.625; 1
24.675; 0
24.725; 1
24.775; 1
24.825; 0
24.875; 1
24.925; 0
24.975; 1
25.025; 0
25.075; 0
25.125; 0
25.175; 0
25.225; 1
25.275; 1
25.325; 2
25.375; 2
25.425; 1
25.475; 0
25.525; 0
25.575; 0
25.625; 2
25.675; 1
25.725; 0
25.775; 1
25.825; 1
25.875; 2
25.925; 0
25.975; 0
26.025; 1
26.075; 0
26.125; 1
26.175; 0
26.225; 0
26.275; 1
26.325; 0
26.375; 2
26.425; 0
26.475; 0
26.525; 1
26.575; 1
26.625; 0
26.675; 0
26.725; 0
26.775; 1
26.825; 2
26.875; 0
26.925; 1
26.975; 0
27.025; 0
27.075; 0
27.125; 1
27.175; 1
27.225; 2
27.275; 1
27.325; 0
27.375; 0
27.425; 1
27.475; 1
27.525; 0
27.575; 1
27.625; 0
27.675; 1
27.725; 1
27.775; 1
27.825; 0
27.875; 0
27.925; 1
27.975; 0
28.025; 0
28.075; 1
28.125; 0
28.175; 3
28.225; 0
28.275; 1
28.325; 1
28.375; 0
28.425; 0
28.475; 0
28.525; 0
28.575; 0
28.625; 1
28.675; 1
28.725; 1
28.775; 0
28.825; 0
28.875; 1
28.925; 1
28.975; 0
29.025; 1
29.075; 0
29.125; 0
29.175; 0
29.225; 0
29.275; 0
29.325; 0
29.375; 0
29.425; 1
29.475; 1
29.525; 0
29.575; 0
29.625; 1
29.675; 0
29.725; 0
29.775; 0
29.825; 1
29.875; 2
29.925; 1
29.975; 0
30.025; 1
30.075; 0
30.125; 0
30.175; 2
30.225; 1
30.275; 2
30.325; 0
30.375; 0
30.425; 0
30.475; 0
30.525; 0
30.575; 1
30.625; 0
30.675; 0
30.725; 1
30.775; 0
30.825; 1
30.875; 0
30.925; 1
30.975; 1
31.025; 0
31.075; 0
31.125; 0
31.175; 0
31.225; 1
31.275; 1
31.325; 0
31.375; 1
31.425; 1
31.475; 0
31.525; 0
31.575; 0
31.625; 0
31.675; 1
31.725; 0
31.775; 1
31.825; 0
31.875; 0
31.925; 0
31.975; 0
32.025; 1
32.075; 0
32.125; 0
32.175; 0
32.225; 0
32.275; 0
32.325; 0
32.375; 0
32.425; 0
32.475; 0
32.525; 0
32.575; 0
32.625; 0
32.675; 0
32.725; 1
32.775; 0
32.825; 0
32.875; 1
32.925; 0
32.975; 1
33.025; 0
33.075; 0
33.125; 0
33.175; 0
33.225; 0
33.275; 0
33.325; 0
33.375; 0
33.425; 0
33.475; 1
33.525; 0
33.575; 0
33.625; 1
33.675; 0
33.725; 0
33.775; 0
33.825; 0
33.875; 0
33.925; 0
33.975; 0
34.025; 1
34.075; 0
34.125; 0
34.175; 0
34.225; 0
34.275; 0
34.325; 0
34.375; 0
34.425; 0
34.475; 0
34.525; 2
34.575; 0
34.625; 0
34.675; 0
34.725; 1
34.775; 0
34.825; 0
34.875; 1
34.925; 0
34.975; 1
35.025; 2
35.075; 0
35.125; 0
35.175; 0
35.225; 1
35.275; 1
35.325; 0
35.375; 0
35.425; 0
35.475; 1
35.525; 0
35.575; 0
35.625; 0
35.675; 0
35.725; 0
35.775; 2
35.825; 0
35.875; 0
35.925; 0
35.975; 0
36.025; 1
36.075; 0
36.125; 0
36.175; 1
36.225; 1
36.275; 0
36.325; 0
36.375; 1
36.425; 0
36.475; 0
36.525; 1
36.575; 1
36.625; 0
36.675; 0
36.725; 0
36.775; 0
36.825; 0
36.875; 0
36.925; 0
36.975; 0
37.025; 0
37.075; 0
37.125; 0
37.175; 0
37.225; 0
37.275; 0
37.325; 2
37.375; 0
37.425; 0
37.475; 0
37.525; 0
37.575; 0
37.625; 0
37.675; 0
37.725; 0
37.775; 0
37.825; 0
37.875; 0
37.925; 0
37.975; 1
38.025; 0
38.075; 0
38.125; 0
38.175; 0
38.225; 1
38.275; 1
38.325; 1
38.375; 0
38.425; 0
38.475; 0
38.525; 0
38.575; 1
38.625; 0
38.675; 0
38.725; 1
38.775; 1
38.825; 0
38.875; 1
38.925; 0
38.975; 0
39.025; 0
39.075; 0
39.125; 0
39.175; 1
39.225; 0
39.275; 0
39.325; 0
39.375; 0
39.425; 0
39.475; 0
39.525; 0
39.575; 1
39.625; 0
39.675; 0
39.725; 1
39.775; 1
39.825; 1
39.875; 1
39.925; 0
39.975; 0
40.025; 1
40.075; 0
40.125; 0
40.175; 0
40.225; 0
40.275; 0
40.325; 1
40.375; 0
40.425; 0
40.475; 0
40.525; 0
40.575; 0
40.625; 0
40.675; 0
40.725; 0
40.775; 0
40.825; 0
40.875; 0
40.925; 0
40.975; 1
41.025; 0
41.075; 1
41.125; 0
41.175; 1
41.225; 0
41.275; 0
41.325; 0
41.375; 1
41.425; 0
41.475; 1
41.525; 0
41.575; 0
41.625; 0
41.675; 0
41.725; 0
41.775; 0
41.825; 0
41.875; 0
41.925; 0
41.975; 0
42.025; 1
42.075; 1
42.125; 0
42.175; 0
42.225; 0
42.275; 0
42.325; 0
42.375; 0
42.425; 0
42.475; 1
42.525; 0
42.575; 1
42.625; 0
42.675; 0
42.725; 0
42.775; 1
42.825; 0
42.875; 0
42.925; 0
42.975; 0
43.025; 0
43.075; 0
43.125; 0
43.175; 0
43.225; 0
43.275; 1
43.325; 1
43.375; 1
43.425; 0
43.475; 0
43.525; 0
43.575; 1
43.625; 0
43.675; 0
43.725; 0
43.775; 1
43.825; 0
43.875; 1
43.925; 0
43.975; 0
44.025; 0
44.075; 0
44.125; 1
44.175; 0
44.225; 0
44.275; 0
44.325; 0
44.375; 0
44.425; 1
44.475; 0
44.525; 0
44.575; 1
44.625; 0
44.675; 0
44.725; 0
44.775; 0
44.825; 0
44.875; 0
44.925; 0
44.975; 0
45.025; 0
45.075; 0
45.125; 0
45.175; 0
45.225; 0
45.275; 0
45.325; 0
45.375; 0
45.425; 0
45.475; 0
45.525; 0
45.575; 1
45.625; 0
45.675; 0
45.725; 0
45.775; 1
45.825; 0
45.875; 0
45.925; 0
45.975; 0
46.025; 1
46.075; 0
46.125; 0
46.175; 0
46.225; 0
46.275; 0
46.325; 0
46.375; 0
46.425; 0
46.475; 0
46.525; 0
46.575; 0
46.625; 0
46.675; 0
46.725; 0
46.775; 0
46.825; 0
46.875; 0
46.925; 0
46.975; 0
47.025; 0
47.075; 0
47.125; 0
47.175; 0
47.225; 0
47.275; 0
47.325; 1
47.375; 0
47.425; 0
47.475; 0
47.525; 0
47.575; 0
47.625; 0
47.675; 0
47.725; 0
47.775; 0
47.825; 0
47.875; 1
47.925; 0
47.975; 0
48.025; 0
48.075; 0
48.125; 0
48.175; 0
48.225; 0
48.275; 0
48.325; 1
48.375; 0
48.425; 0
48.475; 0
48.525; 0
48.575; 0
48.625; 0
48.675; 0
48.725; 0
48.775; 0
48.825; 0
48.875; 0
48.925; 0
48.975; 0
49.025; 0
49.075; 0
49.125; 0
49.175; 2
49.225; 0
49.275; 0
49.325; 0
49.375; 0
49.425; 0
49.475; 0
49.525; 0
49.575; 0
49.625; 0
49.675; 0
49.725; 0
49.775; 0
49.825; 0
49.875; 0
49.925; 0
