0.0025; 20
0.0075; 17
0.0125; 14
0.0175; 14
0.0225; 13
0.0275; 13
0.0325; 8
0.0375; 15
0.0425; 13
0.0475; 14
0.0525; 9
0.0575; 12
0.0625; 12
0.0675; 7
0.0725; 8
0.0775; 11
0.0825; 10
0.0875; 17
0.0925; 10
0.0975; 12
0.1025; 18
0.1075; 9
0.1125; 15
0.1175; 15
0.1225; 17
0.1275; 12
0.1325; 15
0.1375; 6
0.1425; 10
0.1475; 7
0.1525; 15
0.1575; 18
0.1625; 4
0.1675; 8
0.1725; 14
0.1775; 12
0.1825; 11
0.1875; 14
0.1925; 17
0.1975; 14
0.2025; 8
0.2075; 17
0.2125; 12
0.2175; 5
0.2225; 14
0.2275; 17
0.2325; 13
0.2375; 13
0.2425; 11
0.2475; 12
0.2525; 5
0.2575; 20
0.2625; 6
0.2675; 17
0.2725; 9
0.2775; 10
0.2825; 14
0.2875; 13
0.2925; 14
0.2975; 5
0.3025; 12
0.3075; 10
0.3125; 13
0.3175; 13
0.3225; 12
0.3275; 14
0.3325; 7
0.3375; 15
0.3425; 12
0.3475; 9
0.3525; 7
0.3575; 18
0.3625; 10
0.3675; 4
0.3725; 14
0.3775; 14
0.3825; 16
0.3875; 12
0.3925; 10
0.3975; 6
0.4025; 7
0.4075; 16
0.4125; 13
0.4175; 14
0.4225; 2
0.4275; 12
0.4325; 9
0.4375; 4
0.4425; 17
0.4475; 8
0.4525; 12
0.4575; 12
0.4625; 8
0.4675; 11
0.4725; 12
0.4775; 17
0.4825; 9
0.4875; 10
0.4925; 13
0.4975; 10
0.5025; 14
0.5075; 7
0.5125; 9
0.5175; 10
0.5225; 13
0.5275; 11
0.5325; 13
0.5375; 10
0.5425; 5
0.5475; 17
0.5525; 17
0.5575; 11
0.5625; 13
0.5675; 7
0.5725; 10
0.5775; 12
0.5825; 13
0.5875; 11
0.5925; 9
0.5975; 9
0.6025; 10
0.6075; 13
0.6125; 10
0.6175; 10
0.6225; 10
0.6275; 10
0.6325; 13
0.6375; 15
0.6425; 12
0.6475; 15
0.6525; 15
0.6575; 12
0.6625; 16
0.6675; 10
0.6725; 11
0.6775; 14
0.6825; 7
0.6875; 11
0.6925; 12
0.6975; 18
0.7025; 14
0.7075; 11
0.7125; 6
0.7175; 6
0.7225; 6
0.7275; 17
0.7325; 7
0.7375; 14
0.7425; 10
0.7475; 12
0.7525; 8
0.7575; 5
0.7625; 21
0.7675; 10
0.7725; 15
0.7775; 8
0.7825; 12
0.7875; 8
0.7925; 3
0.7975; 10
0.8025; 9
0.8075; 6
0.8125; 8
0.8175; 14
0.8225; 9
0.8275; 8
0.8325; 11
0.8375; 8
0.8425; 12
0.8475; 9
0.8525; 9
0.8575; 9
0.8625; 10
0.8675; 8
0.8725; 10
0.8775; 15
0.8825; 8
0.8875; 6
0.8925; 11
0.8975; 9
0.9025; 15
0.9075; 10
0.9125; 7
0.9175; 11
0.9225; 13
0.9275; 9
0.9325; 6
0.9375; 9
0.9425; 12
0.9475; 9
0.9525; 9
0.9575; 14
0.9625; 17
0.9675; 13
0.9725; 14
0.9775; 18
0.9825; 11
0.9875; 7
0.9925; 11
0.9975; 7
1.0025; 13
1.0075; 19
1.0125; 12
1.0175; 9
1.0225; 9
1.0275; 9
1.0325; 15
1.0375; 12
1.0425; 12
1.0475; 12
1.0525; 9
1.0575; 7
1.0625; 12
1.0675; 11
1.0725; 10
1.0775; 12
1.0825; 7
1.0875; 14
1.0925; 15
1.0975; 8
1.1025; 11
1.1075; 10
1.1125; 14
1.1175; 16
1.1225; 18
1.1275; 13
1.1325; 11
1.1375; 9
1.1425; 9
1.1475; 14
1.1525; 19
1.1575; 15
1.1625; 12
1.1675; 14
1.1725; 11
1.1775; 11
1.1825; 11
1.1875; 7
1.1925; 9
1.1975; 12
1.2025; 13
1.2075; 19
1.2125; 9
1.2175; 19
1.2225; 15
1.2275; 17
1.2325; 21
1.2375; 20
1.2425; 22
1.2475; 27
1.2525; 22
1.2575; 15
1.2625; 19
1.2675; 24
1.2725; 24
1.2775; 21
1.2825; 34
1.2875; 25
1.2925; 25
1.2975; 26
1.3025; 30
1.3075; 25
1.3125; 29
1.3175; 30
1.3225; 34
1.3275; 21
1.3325; 26
1.3375; 30
1.3425; 25
1.3475; 29
1.3525; 22
1.3575; 34
1.3625; 32
1.3675; 28
1.3725; 36
1.3775; 29
1.3825; 30
1.3875; 26
1.3925; 31
1.3975; 35
1.4025; 32
1.4075; 32
1.4125; 37
1.4175; 38
1.4225; 31
1.4275; 31
1.4325; 25
1.4375; 34
1.4425; 35
1.4475; 45
1.4525; 34
1.4575; 37
1.4625; 38
1.4675; 41
1.4725; 47
1.4775; 33
1.4825; 31
1.4875; 30
1.4925; 28
1.4975; 35
1.5025; 43
1.5075; 45
1.5125; 29
1.5175; 35
1.5225; 40
1.5275; 32
1.5325; 25
1.5375; 29
1.5425; 34
1.5475; 35
1.5525; 36
1.5575; 31
1.5625; 31
1.5675; 30
1.5725; 35
1.5775; 38
1.5825; 32
1.5875; 39
1.5925; 43
1.5975; 34
1.6025; 37
1.6075; 38
1.6125; 44
1.6175; 34
1.6225; 48
1.6275; 41
1.6325; 41
1.6375; 44
1.6425; 45
1.6475; 30
1.6525; 31
1.6575; 27
1.6625; 36
1.6675; 40
1.6725; 23
1.6775; 35
1.6825; 33
1.6875; 39
1.6925; 34
1.6975; 43
1.7025; 42
1.7075; 38
1.7125; 47
1.7175; 29
1.7225; 30
1.7275; 29
1.7325; 37
1.7375; 39
1.7425; 33
1.7475; 36
1.7525; 42
1.7575; 55
1.7625; 35
1.7675; 39
1.7725; 35
1.7775; 42
1.7825; 38
1.7875; 33
1.7925; 40
1.7975; 33
1.8025; 37
1.8075; 34
1.8125; 37
1.8175; 36
1.8225; 39
1.8275; 44
1.8325; 39
1.8375; 45
1.8425; 33
1.8475; 31
1.8525; 31
1.8575; 42
1.8625; 39
1.8675; 35
1.8725; 34
1.8775; 42
1.8825; 32
1.8875; 32
1.8925; 36
1.8975; 42
1.9025; 35
1.9075; 33
1.9125; 28
1.9175; 27
1.9225; 33
1.9275; 35
1.9325; 33
1.9375; 29
1.9425; 29
1.9475; 38
1.9525; 24
1.9575; 36
1.9625; 27
1.9675; 29
1.9725; 30
1.9775; 28
1.9825; 26
1.9875; 25
1.9925; 40
1.9975; 26
2.0025; 28
2.0075; 26
2.0125; 34
2.0175; 38
2.0225; 23
2.0275; 38
2.0325; 28
2.0375; 29
2.0425; 26
2.0475; 26
2.0525; 22
2.0575; 36
2.0625; 18
2.0675; 26
2.0725; 29
2.0775; 32
2.0825; 34
2.0875; 26
2.0925; 31
2.0975; 28
2.1025; 25
2.1075; 28
2.1125; 34
2.1175; 29
2.1225; 24
2.1275; 23
2.1325; 24
2.1375; 22
2.1425; 20
2.1475; 31
2.1525; 27
2.1575; 25
2.1625; 26
2.1675; 31
2.1725; 27
2.1775; 23
2.1825; 28
2.1875; 39
2.1925; 20
2.1975; 29
2.2025; 21
2.2075; 24
2.2125; 35
2.2175; 20
2.2225; 24
2.2275; 29
2.2325; 18
2.2375; 20
2.2425; 21
2.2475; 22
2.2525; 34
2.2575; 21
2.2625; 24
2.2675; 22
2.2725; 22
2.2775; 28
2.2825; 19
2.2875; 22
2.2925; 22
2.2975; 22
2.3025; 19
2.3075; 26
2.3125; 26
2.3175; 21
2.3225; 23
2.3275; 17
2.3325; 21
2.3375; 27
2.3425; 22
2.3475; 20
2.3525; 22
2.3575; 21
2.3625; 25
2.3675; 29
2.3725; 18
2.3775; 26
2.3825; 16
2.3875; 20
2.3925; 28
2.3975; 22
2.4025; 24
2.4075; 18
2.4125; 21
2.4175; 24
2.4225; 18
2.4275; 19
2.4325; 19
2.4375; 17
2.4425; 17
2.4475; 24
2.4525; 21
2.4575; 25
2.4625; 18
2.4675; 20
2.4725; 20
2.4775; 17
2.4825; 21
2.4875; 16
2.4925; 18
2.4975; 24
2.5025; 23
2.5075; 25
2.5125; 24
2.5175; 22
2.5225; 17
2.5275; 14
2.5325; 14
2.5375; 18
2.5425; 28
2.5475; 13
2.5525; 16
2.5575; 24
2.5625; 17
2.5675; 17
2.5725; 12
2.5775; 25
2.5825; 18
2.5875; 18
2.5925; 17
2.5975; 19
2.6025; 21
2.6075; 9
2.6125; 18
2.6175; 17
2.6225; 22
2.6275; 22
2.6325; 14
2.6375; 21
2.6425; 13
2.6475; 10
2.6525; 17
2.6575; 19
2.6625; 14
2.6675; 15
2.6725; 21
2.6775; 12
2.6825; 16
2.6875; 12
2.6925; 18
2.6975; 21
2.7025; 15
2.7075; 31
2.7125; 6
2.7175; 14
2.7225; 18
2.7275; 23
2.7325; 11
2.7375; 11
2.7425; 19
2.7475; 19
2.7525; 15
2.7575; 21
2.7625; 18
2.7675; 14
2.7725; 21
2.7775; 13
2.7825; 11
2.7875; 22
2.7925; 17
2.7975; 14
2.8025; 19
2.8075; 11
2.8125; 13
2.8175; 17
2.8225; 14
2.8275; 27
2.8325; 12
2.8375; 11
2.8425; 11
2.8475; 13
2.8525; 11
2.8575; 23
2.8625; 11
2.8675; 19
2.8725; 11
2.8775; 16
2.8825; 6
2.8875; 9
2.8925; 14
2.8975; 8
2.9025; 17
2.9075; 13
2.9125; 14
2.9175; 14
2.9225; 10
2.9275; 12
2.9325; 17
2.9375; 10
2.9425; 7
2.9475; 12
2.9525; 9
2.9575; 9
2.9625; 12
2.9675; 12
2.9725; 12
2.9775; 14
2.9825; 12
2.9875; 6
2.9925; 11
2.9975; 17
3.0025; 11
3.0075; 14
3.0125; 10
3.0175; 10
3.0225; 16
3.0275; 15
3.0325; 11
3.0375; 14
3.0425; 11
3.0475; 15
3.0525; 16
3.0575; 11
3.0625; 6
3.0675; 11
3.0725; 20
3.0775; 12
3.0825; 8
3.0875; 18
3.0925; 15
3.0975; 11
3.1025; 13
3.1075; 14
3.1125; 15
3.1175; 11
3.1225; 12
3.1275; 10
3.1325; 11
3.1375; 5
3.1425; 8
3.1475; 14
3.1525; 10
3.1575; 11
3.1625; 13
3.1675; 10
3.1725; 13
3.1775; 18
3.1825; 16
3.1875; 9
3.1925; 10
3.1975; 17
3.2025; 7
3.2075; 11
3.2125; 12
3.2175; 6
3.2225; 8
3.2275; 11
3.2325; 10
3.2375; 5
3.2425; 17
3.2475; 6
3.2525; 8
3.2575; 6
3.2625; 9
3.2675; 13
3.2725; 6
3.2775; 14
3.2825; 5
3.2875; 4
3.2925; 17
3.2975; 22
3.3025; 6
3.3075; 15
3.3125; 16
3.3175; 9
3.3225; 7
3.3275; 7
3.3325; 8
3.3375; 12
3.3425; 9
3.3475; 8
3.3525; 13
3.3575; 16
3.3625; 9
3.3675; 3
3.3725; 5
3.3775; 12
3.3825; 9
3.3875; 7
3.3925; 11
3.3975; 7
3.4025; 14
3.4075; 9
3.4125; 11
3.4175; 14
3.4225; 10
3.4275; 6
3.4325; 12
3.4375; 6
3.4425; 12
3.4475; 5
3.4525; 8
3.4575; 9
3.4625; 9
3.4675; 11
3.4725; 11
3.4775; 12
3.4825; 15
3.4875; 8
3.4925; 11
3.4975; 8
3.5025; 8
3.5075; 5
3.5125; 4
3.5175; 7
3.5225; 9
3.5275; 10
3.5325; 10
3.5375; 8
3.5425; 7
3.5475; 4
3.5525; 9
3.5575; 10
3.5625; 3
3.5675; 7
3.5725; 12
3.5775; 14
3.5825; 7
3.5875; 9
3.5925; 7
3.5975; 9
3.6025; 1
3.6075; 9
3.6125; 4
3.6175; 6
3.6225; 6
3.6275; 6
3.6325; 12
3.6375; 12
3.6425; 15
3.6475; 6
3.6525; 9
3.6575; 7
3.6625; 12
3.6675; 6
3.6725; 6
3.6775; 10
3.6825; 5
3.6875; 11
3.6925; 9
3.6975; 7
3.7025; 10
3.7075; 11
3.7125; 7
3.7175; 9
3.7225; 12
3.7275; 6
3.7325; 11
3.7375; 9
3.7425; 9
3.7475; 6
3.7525; 4
3.7575; 7
3.7625; 11
3.7675; 5
3.7725; 6
3.7775; 5
3.7825; 5
3.7875; 8
3.7925; 3
3.7975; 2
3.8025; 3
3.8075; 4
3.8125; 6
3.8175; 5
3.8225; 7
3.8275; 2
3.8325; 7
3.8375; 10
3.8425; 11
3.8475; 6
3.8525; 1
3.8575; 4
3.8625; 4
3.8675; 8
3.8725; 3
3.8775; 6
3.8825; 10
3.8875; 2
3.8925; 3
3.8975; 4
3.9025; 3
3.9075; 4
3.9125; 3
3.9175; 9
3.9225; 1
3.9275; 9
3.9325; 6
3.9375; 2
3.9425; 4
3.9475; 5
3.9525; 4
3.9575; 10
3.9625; 5
3.9675; 5
3.9725; 3
3.9775; 6
3.9825; 4
3.9875; 7
3.9925; 5
3.9975; 3
4.0025; 10
4.0075; 9
4.0125; 3
4.0175; 5
4.0225; 3
4.0275; 6
4.0325; 9
4.0375; 2
4.0425; 10
4.0475; 4
4.0525; 7
4.0575; 10
4.0625; 6
4.0675; 5
4.0725; 3
4.0775; 6
4.0825; 3
4.0875; 7
4.0925; 3
4.0975; 5
4.1025; 3
4.1075; 3
4.1125; 6
4.1175; 5
4.1225; 5
4.1275; 5
4.1325; 5
4.1375; 2
4.1425; 8
4.1475; 3
4.1525; 3
4.1575; 2
4.1625; 1
4.1675; 4
4.1725; 2
4.1775; 3
4.1825; 1
4.1875; 5
4.1925; 7
4.1975; 4
4.2025; 6
4.2075; 4
4.2125; 7
4.2175; 4
4.2225; 8
4.2275; 5
4.2325; 6
4.2375; 5
4.2425; 3
4.2475; 3
4.2525; 3
4.2575; 3
4.2625; 6
4.2675; 3
4.2725; 8
4.2775; 4
4.2825; 5
4.2875; 3
4.2925; 6
4.2975; 5
4.3025; 3
4.3075; 2
4.3125; 5
4.3175; 3
4.3225; 3
4.3275; 5
4.3325; 6
4.3375; 3
4.3425; 4
4.3475; 7
4.3525; 6
4.3575; 4
4.3625; 5
4.3675; 6
4.3725; 4
4.3775; 1
4.3825; 3
4.3875; 7
4.3925; 4
4.3975; 6
4.4025; 4
4.4075; 7
4.4125; 0
4.4175; 2
4.4225; 6
4.4275; 4
4.4325; 4
4.4375; 5
4.4425; 4
4.4475; 3
4.4525; 1
4.4575; 8
4.4625; 2
4.4675; 6
4.4725; 6
4.4775; 5
4.4825; 1
4.4875; 8
4.4925; 3
4.4975; 4
4.5025; 5
4.5075; 3
4.5125; 6
4.5175; 3
4.5225; 0
4.5275; 3
4.5325; 4
4.5375; 3
4.5425; 2
4.5475; 6
4.5525; 6
4.5575; 3
4.5625; 3
4.5675; 7
4.5725; 3
4.5775; 4
4.5825; 2
4.5875; 2
4.5925; 0
4.5975; 2
4.6025; 2
4.6075; 5
4.6125; 4
4.6175; 2
4.6225; 3
4.6275; 3
4.6325; 6
4.6375; 6
4.6425; 1
4.6475; 5
4.6525; 4
4.6575; 2
4.6625; 4
4.6675; 3
4.6725; 5
4.6775; 5
4.6825; 0
4.6875; 2
4.6925; 3
4.6975; 5
4.7025; 1
4.7075; 5
4.7125; 2
4.7175; 0
4.7225; 7
4.7275; 2
4.7325; 1
4.7375; 5
4.7425; 3
4.7475; 8
4.7525; 3
4.7575; 3
4.7625; 1
4.7675; 0
4.7725; 3
4.7775; 3
4.7825; 1
4.7875; 0
4.7925; 3
4.7975; 3
4.8025; 0
4.8075; 3
4.8125; 2
4.8175; 3
4.8225; 5
4.8275; 1
4.8325; 2
4.8375; 4
4.8425; 3
4.8475; 0
4.8525; 2
4.8575; 3
4.8625; 4
4.8675; 5
4.8725; 2
4.8775; 1
4.8825; 2
4.8875; 4
4.8925; 5
4.8975; 1
4.9025; 3
4.9075; 2
4.9125; 2
4.9175; 3
4.9225; 5
4.9275; 6
4.9325; 4
4.9375; 5
4.9425; 2
4.9475; 2
4.9525; 3
4.9575; 3
4.9625; 2
4.9675; 2
4.9725; 3
4.9775; 4
4.9825; 2
4.9875; 2
4.9925; 4
