0.0025; 2
0.0075; 2
0.0125; 0
0.0175; 1
0.0225; 0
0.0275; 0
0.0325; 1
0.0375; 0
0.0425; 1
0.0475; 1
0.0525; 0
0.0575; 1
0.0625; 2
0.0675; 3
0.0725; 0
0.0775; 0
0.0825; 0
0.0875; 0
0.0925; 0
0.0975; 1
0.1025; 1
0.1075; 1
0.1125; 0
0.1175; 0
0.1225; 0
0.1275; 0
0.1325; 0
0.1375; 0
0.1425; 0
0.1475; 0
0.1525; 0
0.1575; 0
0.1625; 0
0.1675; 1
0.1725; 1
0.1775; 0
0.1825; 0
0.1875; 1
0.1925; 1
0.1975; 0
0.2025; 0
0.2075; 1
0.2125; 0
0.2175; 1
0.2225; 1
0.2275; 0
0.2325; 0
0.2375; 0
0.2425; 0
0.2475; 0
0.2525; 1
0.2575; 0
0.2625; 0
0.2675; 1
0.2725; 1
0.2775; 0
0.2825; 0
0.2875; 1
0.2925; 0
0.2975; 0
0.3025; 1
0.3075; 0
0.3125; 0
0.3175; 0
0.3225; 0
0.3275; 0
0.3325; 0
0.3375; 0
0.3425; 0
0.3475; 0
0.3525; 0
0.3575; 0
0.3625; 0
0.3675; 0
0.3725; 1
0.3775; 0
0.3825; 1
0.3875; 1
0.3925; 0
0.3975; 2
0.4025; 0
0.4075; 1
0.4125; 1
0.4175; 1
0.4225; 1
0.4275; 0
0.4325; 1
0.4375; 0
0.4425; 1
0.4475; 3
0.4525; 0
0.4575; 2
0.4625; 1
0.4675; 0
0.4725; 1
0.4775; 0
0.4825; 0
0.4875; 1
0.4925; 3
0.4975; 1
0.5025; 1
0.5075; 0
0.5125; 3
0.5175; 9
0.5225; 17
0.5275; 20
0.5325; 50
0.5375; 61
0.5425; 120
0.5475; 170
0.5525; 277
0.5575; 399
0.5625; 485
0.5675; 690
0.5725; 818
0.5775; 1027
0.5825; 1174
0.5875; 1360
0.5925; 1570
0.5975; 1764
0.6025; 1785
0.6075; 1965
0.6125; 2142
0.6175; 2205
0.6225; 2151
0.6275; 2217
0.6325; 2290
0.6375; 2219
0.6425; 2270
0.6475; 2160
0.6525; 2238
0.6575; 2150
0.6625; 2062
0.6675; 2002
0.6725; 2024
0.6775; 1914
0.6825; 1837
0.6875; 1765
0.6925; 1775
0.6975; 1621
0.7025; 1572
0.7075; 1499
0.7125; 1535
0.7175; 1362
0.7225; 1290
0.7275; 1314
0.7325; 1247
0.7375; 1143
0.7425; 1128
0.7475; 1055
0.7525; 1038
0.7575; 1006
0.7625; 899
0.7675; 924
0.7725; 849
0.7775; 828
0.7825; 800
0.7875; 805
0.7925; 692
0.7975; 696
0.8025; 694
0.8075; 632
0.8125; 562
0.8175; 586
0.8225; 555
0.8275; 537
0.8325; 504
0.8375; 498
0.8425; 530
0.8475; 492
0.8525; 451
0.8575; 449
0.8625; 426
0.8675; 445
0.8725; 381
0.8775; 402
0.8825; 348
0.8875; 376
0.8925; 352
0.8975; 353
0.9025; 320
0.9075; 319
0.9125; 353
0.9175; 309
0.9225; 310
0.9275; 277
0.9325; 255
0.9375; 261
0.9425; 266
0.9475; 233
0.9525; 226
0.9575; 242
0.9625; 251
0.9675; 228
0.9725; 235
0.9775; 211
0.9825; 197
0.9875; 184
0.9925; 184
0.9975; 213
1.0025; 169
1.0075; 187
1.0125; 179
1.0175; 161
1.0225; 150
1.0275; 142
1.0325; 161
1.0375; 161
1.0425; 149
1.0475; 157
1.0525; 140
1.0575; 160
1.0625; 138
1.0675; 132
1.0725; 132
1.0775; 132
1.0825; 122
1.0875; 114
1.0925; 116
1.0975; 95
1.1025; 103
1.1075; 103
1.1125; 110
1.1175; 94
1.1225; 100
1.1275; 100
1.1325; 100
1.1375; 100
1.1425; 106
1.1475; 78
1.1525; 94
1.1575; 105
1.1625; 93
1.1675; 87
1.1725; 112
1.1775; 79
1.1825; 78
1.1875; 104
1.1925; 85
1.1975; 74
1.2025; 73
1.2075; 77
1.2125; 61
1.2175; 50
1.2225; 81
1.2275; 65
1.2325; 70
1.2375; 54
1.2425; 52
1.2475; 66
1.2525; 66
1.2575; 63
1.2625; 47
1.2675; 47
1.2725; 63
1.2775; 39
1.2825; 48
1.2875; 51
1.2925; 53
1.2975; 55
1.3025; 38
1.3075; 60
1.3125; 54
1.3175; 52
1.3225; 58
1.3275; 38
1.3325; 56
1.3375; 46
1.3425; 45
1.3475; 58
1.3525; 56
1.3575; 40
1.3625; 44
1.3675; 38
1.3725; 39
1.3775; 26
1.3825; 45
1.3875; 41
1.3925; 32
1.3975; 38
1.4025; 39
1.4075; 51
1.4125; 36
1.4175; 41
1.4225; 36
1.4275; 35
1.4325; 32
1.4375; 32
1.4425; 33
1.4475; 26
1.4525; 29
1.4575; 35
1.4625; 37
1.4675; 36
1.4725; 34
1.4775; 35
1.4825; 31
1.4875; 28
1.4925; 32
1.4975; 36
1.5025; 28
1.5075; 39
1.5125; 22
1.5175; 24
1.5225; 32
1.5275; 31
1.5325; 26
1.5375; 18
1.5425; 26
1.5475; 26
1.5525; 24
1.5575; 28
1.5625; 22
1.5675; 25
1.5725; 33
1.5775; 33
1.5825; 20
1.5875; 22
1.5925; 22
1.5975; 25
1.6025; 19
1.6075; 24
1.6125; 23
1.6175; 19
1.6225; 14
1.6275; 16
1.6325; 17
1.6375; 22
1.6425; 23
1.6475; 17
1.6525; 22
1.6575; 20
1.6625; 13
1.6675; 19
1.6725; 15
1.6775; 22
1.6825; 19
1.6875; 12
1.6925; 19
1.6975; 18
1.7025; 9
1.7075; 21
1.7125; 19
1.7175; 14
1.7225; 18
1.7275; 20
1.7325; 18
1.7375; 15
1.7425; 17
1.7475; 17
1.7525; 17
1.7575; 10
1.7625; 10
1.7675; 28
1.7725; 10
1.7775; 9
1.7825; 13
1.7875; 11
1.7925; 4
1.7975; 17
1.8025; 16
1.8075; 21
1.8125; 15
1.8175; 8
1.8225; 7
1.8275; 14
1.8325; 14
1.8375; 16
1.8425; 17
1.8475; 13
1.8525; 13
1.8575; 14
1.8625; 12
1.8675; 8
1.8725; 12
1.8775; 15
1.8825; 10
1.8875; 14
1.8925; 12
1.8975; 15
1.9025; 8
1.9075; 18
1.9125; 8
1.9175; 11
1.9225; 13
1.9275; 11
1.9325; 9
1.9375; 7
1.9425; 9
1.9475; 10
1.9525; 9
1.9575; 9
1.9625; 11
1.9675; 14
1.9725; 8
1.9775; 8
1.9825; 10
1.9875; 7
1.9925; 7
1.9975; 8
2.0025; 7
2.0075; 12
2.0125; 9
2.0175; 13
2.0225; 6
2.0275; 8
2.0325; 9
2.0375; 8
2.0425; 8
2.0475; 4
2.0525; 11
2.0575; 6
2.0625; 8
2.0675; 11
2.0725; 11
2.0775; 9
2.0825; 11
2.0875; 9
2.0925; 6
2.0975; 6
2.1025; 5
2.1075; 7
2.1125; 7
2.1175; 10
2.1225; 9
2.1275; 9
2.1325; 10
2.1375; 3
2.1425; 4
2.1475; 6
2.1525; 7
2.1575; 9
2.1625; 6
2.1675; 8
2.1725; 6
2.1775; 7
2.1825; 5
2.1875; 7
2.1925; 3
2.1975; 10
2.2025; 1
2.2075; 5
2.2125; 5
2.2175; 5
2.2225; 5
2.2275; 4
2.2325; 4
2.2375; 3
2.2425; 6
2.2475; 5
2.2525; 3
2.2575; 4
2.2625; 6
2.2675; 6
2.2725; 6
2.2775; 3
2.2825; 6
2.2875; 3
2.2925; 9
2.2975; 5
2.3025; 5
2.3075; 3
2.3125; 6
2.3175; 7
2.3225; 7
2.3275; 7
2.3325; 3
2.3375; 5
2.3425; 5
2.3475; 3
2.3525; 7
2.3575; 2
2.3625; 3
2.3675; 7
2.3725; 6
2.3775; 5
2.3825; 3
2.3875; 1
2.3925; 2
2.3975; 1
2.4025; 1
2.4075; 4
2.4125; 2
2.4175; 2
2.4225; 3
2.4275; 5
2.4325; 2
2.4375; 2
2.4425; 2
2.4475; 2
2.4525; 3
2.4575; 5
2.4625; 3
2.4675; 6
2.4725; 3
2.4775; 6
2.4825; 2
2.4875; 4
2.4925; 3
2.4975; 2
2.5025; 6
2.5075; 4
2.5125; 1
2.5175; 2
2.5225; 6
2.5275; 6
2.5325; 4
2.5375; 5
2.5425; 3
2.5475; 2
2.5525; 2
2.5575; 3
2.5625; 7
2.5675; 1
2.5725; 2
2.5775; 6
2.5825; 4
2.5875; 5
2.5925; 2
2.5975; 0
2.6025; 3
2.6075; 3
2.6125; 3
2.6175; 7
2.6225; 5
2.6275; 9
2.6325; 3
2.6375; 3
2.6425; 2
2.6475; 4
2.6525; 2
2.6575; 3
2.6625; 0
2.6675; 2
2.6725; 2
2.6775; 1
2.6825; 1
2.6875; 3
2.6925; 1
2.6975; 3
2.7025; 5
2.7075; 6
2.7125; 1
2.7175; 2
2.7225; 1
2.7275; 2
2.7325; 3
2.7375; 3
2.7425; 4
2.7475; 4
2.7525; 1
2.7575; 1
2.7625; 6
2.7675; 1
2.7725; 2
2.7775; 2
2.7825; 1
2.7875; 3
2.7925; 3
2.7975; 1
2.8025; 6
2.8075; 0
2.8125; 5
2.8175; 3
2.8225; 6
2.8275; 1
2.8325; 0
2.8375; 4
2.8425; 2
2.8475; 3
2.8525; 2
2.8575; 2
2.8625; 4
2.8675; 7
2.8725; 2
2.8775; 2
2.8825; 4
2.8875; 8
2.8925; 3
2.8975; 5
2.9025; 7
2.9075; 3
2.9125; 2
2.9175; 4
2.9225; 1
2.9275; 5
2.9325; 5
2.9375; 1
2.9425; 1
2.9475; 2
2.9525; 8
2.9575; 2
2.9625; 1
2.9675; 3
2.9725; 4
2.9775; 2
2.9825; 2
2.9875; 1
2.9925; 1
2.9975; 4
3.0025; 2
3.0075; 2
3.0125; 3
3.0175; 2
3.0225; 2
3.0275; 6
3.0325; 2
3.0375; 4
3.0425; 3
3.0475; 1
3.0525; 4
3.0575; 5
3.0625; 1
3.0675; 6
3.0725; 0
3.0775; 0
3.0825; 1
3.0875; 2
3.0925; 3
3.0975; 0
3.1025; 0
3.1075; 4
3.1125; 0
3.1175; 2
3.1225; 1
3.1275; 3
3.1325; 2
3.1375; 1
3.1425; 4
3.1475; 1
3.1525; 0
3.1575; 1
3.1625; 1
3.1675; 2
3.1725; 5
3.1775; 1
3.1825; 3
3.1875; 2
3.1925; 2
3.1975; 3
3.2025; 3
3.2075; 2
3.2125; 1
3.2175; 3
3.2225; 1
3.2275; 2
3.2325; 1
3.2375; 2
3.2425; 1
3.2475; 2
3.2525; 2
3.2575; 1
3.2625; 2
3.2675; 1
3.2725; 3
3.2775; 2
3.2825; 2
3.2875; 1
3.2925; 5
3.2975; 1
3.3025; 7
3.3075; 0
3.3125; 4
3.3175; 3
3.3225; 4
3.3275; 0
3.3325; 2
3.3375; 3
3.3425; 2
3.3475; 2
3.3525; 7
3.3575; 5
3.3625; 1
3.3675; 1
3.3725; 5
3.3775; 3
3.3825; 1
3.3875; 2
3.3925; 4
3.3975; 2
3.4025; 2
3.4075; 2
3.4125; 2
3.4175; 4
3.4225; 5
3.4275; 2
3.4325; 2
3.4375; 2
3.4425; 1
3.4475; 1
3.4525; 2
3.4575; 2
3.4625; 3
3.4675; 2
3.4725; 1
3.4775; 0
3.4825; 2
3.4875; 3
3.4925; 0
3.4975; 3
3.5025; 1
3.5075; 7
3.5125; 2
3.5175; 4
3.5225; 0
3.5275; 2
3.5325; 2
3.5375; 3
3.5425; 2
3.5475; 0
3.5525; 1
3.5575; 2
3.5625; 1
3.5675; 3
3.5725; 2
3.5775; 4
3.5825; 3
3.5875; 2
3.5925; 3
3.5975; 1
3.6025; 3
3.6075; 1
3.6125; 3
3.6175; 0
3.6225; 3
3.6275; 4
3.6325; 4
3.6375; 1
3.6425; 3
3.6475; 1
3.6525; 4
3.6575; 4
3.6625; 1
3.6675; 1
3.6725; 4
3.6775; 3
3.6825; 2
3.6875; 2
3.6925; 1
3.6975; 5
3.7025; 4
3.7075; 5
3.7125; 2
3.7175; 1
3.7225; 1
3.7275; 0
3.7325; 2
3.7375; 1
3.7425; 0
3.7475; 2
3.7525; 1
3.7575; 1
3.7625; 4
3.7675; 0
3.7725; 0
3.7775; 0
3.7825; 2
3.7875; 1
3.7925; 0
3.7975; 2
3.8025; 3
3.8075; 1
3.8125; 2
3.8175; 1
3.8225; 1
3.8275; 4
3.8325; 4
3.8375; 1
3.8425; 6
3.8475; 1
3.8525; 3
3.8575; 2
3.8625; 2
3.8675; 1
3.8725; 1
3.8775; 7
3.8825; 1
3.8875; 3
3.8925; 2
3.8975; 2
3.9025; 1
3.9075; 2
3.9125; 2
3.9175; 1
3.9225; 4
3.9275; 2
3.9325; 2
3.9375; 0
3.9425; 3
3.9475; 3
3.9525; 1
3.9575; 1
3.9625; 1
3.9675; 2
3.9725; 0
3.9775; 2
3.9825; 2
3.9875; 1
3.9925; 4
3.9975; 2
4.0025; 2
4.0075; 0
4.0125; 1
4.0175; 1
4.0225; 5
4.0275; 1
4.0325; 1
4.0375; 4
4.0425; 1
4.0475; 5
4.0525; 2
4.0575; 0
4.0625; 2
4.0675; 2
4.0725; 0
4.0775; 0
4.0825; 1
4.0875; 0
4.0925; 4
4.0975; 1
4.1025; 1
4.1075; 0
4.1125; 1
4.1175; 0
4.1225; 0
4.1275; 0
4.1325; 1
4.1375; 3
4.1425; 1
4.1475; 2
4.1525; 6
4.1575; 1
4.1625; 0
4.1675; 0
4.1725; 0
4.1775; 1
4.1825; 2
4.1875; 1
4.1925; 3
4.1975; 2
4.2025; 0
4.2075; 1
4.2125; 3
4.2175; 1
4.2225; 2
4.2275; 2
4.2325; 0
4.2375; 4
4.2425; 0
4.2475; 1
4.2525; 1
4.2575; 1
4.2625; 0
4.2675; 2
4.2725; 2
4.2775; 3
4.2825; 3
4.2875; 3
4.2925; 1
4.2975; 0
4.3025; 0
4.3075; 2
4.3125; 2
4.3175; 2
4.3225; 0
4.3275; 3
4.3325; 2
4.3375; 0
4.3425; 3
4.3475; 1
4.3525; 1
4.3575; 1
4.3625; 1
4.3675; 4
4.3725; 0
4.3775; 1
4.3825; 1
4.3875; 3
4.3925; 3
4.3975; 2
4.4025; 0
4.4075; 2
4.4125; 0
4.4175; 3
4.4225; 2
4.4275; 2
4.4325; 0
4.4375; 1
4.4425; 4
4.4475; 2
4.4525; 2
4.4575; 1
4.4625; 1
4.4675; 0
4.4725; 1
4.4775; 4
4.4825; 1
4.4875; 3
4.4925; 0
4.4975; 0
4.5025; 1
4.5075; 1
4.5125; 2
4.5175; 1
4.5225; 0
4.5275; 0
4.5325; 0
4.5375; 3
4.5425; 2
4.5475; 3
4.5525; 1
4.5575; 2
4.5625; 2
4.5675; 0
4.5725; 1
4.5775; 0
4.5825; 3
4.5875; 0
4.5925; 0
4.5975; 1
4.6025; 1
4.6075; 1
4.6125; 1
4.6175; 2
4.6225; 3
4.6275; 0
4.6325; 0
4.6375; 1
4.6425; 0
4.6475; 1
4.6525; 0
4.6575; 3
4.6625; 2
4.6675; 0
4.6725; 2
4.6775; 2
4.6825; 0
4.6875; 0
4.6925; 0
4.6975; 1
4.7025; 0
4.7075; 0
4.7125; 1
4.7175; 2
4.7225; 0
4.7275; 2
4.7325; 1
4.7375; 2
4.7425; 0
4.7475; 0
4.7525; 1
4.7575; 2
4.7625; 2
4.7675; 0
4.7725; 1
4.7775; 2
4.7825; 0
4.7875; 4
4.7925; 2
4.7975; 1
4.8025; 0
4.8075; 2
4.8125; 1
4.8175; 3
4.8225; 0
4.8275; 3
4.8325; 1
4.8375; 1
4.8425; 2
4.8475; 2
4.8525; 0
4.8575; 4
4.8625; 1
4.8675; 1
4.8725; 2
4.8775; 1
4.8825; 3
4.8875; 1
4.8925; 1
4.8975; 1
4.9025; 4
4.9075; 0
4.9125; 0
4.9175; 0
4.9225; 3
4.9275; 0
4.9325; 1
4.9375; 0
4.9425; 1
4.9475; 1
4.9525; 2
4.9575; 3
4.9625; 1
4.9675; 1
4.9725; 0
4.9775; 0
4.9825; 1
4.9875; 0
4.9925; 1
