0.05; 17
0.15; 15
0.25; 15
0.35; 10
0.45; 16
0.55; 75
0.65; 366
0.75; 354
0.85; 257
0.95; 169
1.05; 157
1.15; 135
1.25; 220
1.35; 343
1.45; 429
1.55; 403
1.65; 352
1.75; 311
1.85; 263
1.95; 222
2.05; 215
2.15; 189
2.25; 206
2.35; 191
2.45; 510
2.55; 2644
2.65; 7015
2.75; 10559
2.85; 11937
2.95; 11307
3.05; 9813
3.15; 7876
3.25; 6101
3.35; 4753
3.45; 3750
3.55; 2865
3.65; 2289
3.75; 1809
3.85; 1373
3.95; 1063
4.05; 907
4.15; 674
4.25; 580
4.35; 455
4.45; 348
4.55; 298
4.65; 262
4.75; 218
4.85; 156
4.95; 144
5.05; 135
5.15; 106
5.25; 107
5.35; 97
5.45; 97
5.55; 83
5.65; 76
5.75; 73
5.85; 69
5.95; 70
6.05; 58
6.15; 68
6.25; 61
6.35; 71
6.45; 61
6.55; 62
6.65; 51
6.75; 45
6.85; 58
6.95; 46
7.05; 45
7.15; 49
7.25; 57
7.35; 38
7.45; 43
7.55; 43
7.65; 39
7.75; 34
7.85; 26
7.95; 35
8.05; 46
8.15; 44
8.25; 32
8.35; 30
8.45; 33
8.55; 38
8.65; 21
8.75; 25
8.85; 31
8.95; 32
9.05; 25
9.15; 28
9.25; 25
9.35; 28
9.45; 19
9.55; 35
9.65; 19
9.75; 27
9.85; 32
9.95; 18
10.05; 27
10.15; 21
10.25; 20
10.35; 16
10.45; 21
10.55; 18
10.65; 18
10.75; 18
10.85; 17
10.95; 24
11.05; 23
11.15; 12
11.25; 17
11.35; 15
11.45; 19
11.55; 19
11.65; 15
11.75; 20
11.85; 15
11.95; 15
12.05; 11
12.15; 18
12.25; 21
12.35; 18
12.45; 14
12.55; 21
12.65; 9
12.75; 15
12.85; 11
12.95; 12
13.05; 18
13.15; 8
13.25; 7
13.35; 14
13.45; 12
13.55; 15
13.65; 14
13.75; 19
13.85; 12
13.95; 19
14.05; 12
14.15; 16
14.25; 11
14.35; 11
14.45; 9
14.55; 16
14.65; 8
14.75; 12
14.85; 12
14.95; 14
15.05; 12
15.15; 10
15.25; 13
15.35; 10
15.45; 9
15.55; 6
15.65; 8
15.75; 13
15.85; 13
15.95; 12
16.05; 12
16.15; 6
16.25; 10
16.35; 14
16.45; 8
16.55; 11
16.65; 10
16.75; 9
16.85; 11
16.95; 15
17.05; 9
17.15; 1
17.25; 9
17.35; 6
17.45; 10
17.55; 6
17.65; 11
17.75; 9
17.85; 6
17.95; 10
18.05; 8
18.15; 9
18.25; 16
18.35; 7
18.45; 4
18.55; 7
18.65; 6
18.75; 4
18.85; 3
18.95; 9
19.05; 7
19.15; 2
19.25; 6
19.35; 3
19.45; 6
19.55; 4
19.65; 7
19.75; 9
19.85; 5
19.95; 7
20.05; 6
20.15; 5
20.25; 4
20.35; 8
20.45; 3
20.55; 4
20.65; 4
20.75; 9
20.85; 6
20.95; 7
21.05; 7
21.15; 8
21.25; 4
21.35; 3
21.45; 5
21.55; 11
21.65; 10
21.75; 6
21.85; 6
21.95; 2
22.05; 5
22.15; 6
22.25; 6
22.35; 8
22.45; 4
22.55; 4
22.65; 8
22.75; 5
22.85; 3
22.95; 3
23.05; 8
23.15; 6
23.25; 6
23.35; 2
23.45; 8
23.55; 6
23.65; 4
23.75; 4
23.85; 2
23.95; 1
24.05; 7
24.15; 8
24.25; 5
24.35; 11
24.45; 5
24.55; 1
24.65; 3
24.75; 6
24.85; 4
24.95; 5
25.05; 3
25.15; 6
25.25; 1
25.35; 3
25.45; 7
25.55; 6
25.65; 5
25.75; 5
25.85; 2
25.95; 1
26.05; 0
26.15; 3
26.25; 5
26.35; 3
26.45; 1
26.55; 3
26.65; 2
26.75; 5
26.85; 3
26.95; 5
27.05; 2
27.15; 2
27.25; 2
27.35; 3
27.45; 3
27.55; 2
27.65; 3
27.75; 6
27.85; 6
27.95; 5
28.05; 4
28.15; 1
28.25; 3
28.35; 4
28.45; 7
28.55; 3
28.65; 7
28.75; 3
28.85; 4
28.95; 3
29.05; 3
29.15; 4
29.25; 4
29.35; 1
29.45; 3
29.55; 4
29.65; 4
29.75; 2
29.85; 4
29.95; 4
30.05; 6
30.15; 9
30.25; 1
30.35; 3
30.45; 4
30.55; 4
30.65; 4
30.75; 2
30.85; 5
30.95; 2
31.05; 4
31.15; 3
31.25; 4
31.35; 1
31.45; 3
31.55; 3
31.65; 2
31.75; 2
31.85; 4
31.95; 3
32.05; 3
32.15; 4
32.25; 3
32.35; 5
32.45; 2
32.55; 1
32.65; 4
32.75; 2
32.85; 1
32.95; 3
33.05; 3
33.15; 3
33.25; 2
33.35; 1
33.45; 2
33.55; 3
33.65; 0
33.75; 4
33.85; 3
33.95; 4
34.05; 5
34.15; 3
34.25; 0
34.35; 5
34.45; 1
34.55; 1
34.65; 2
34.75; 5
34.85; 2
34.95; 2
35.05; 2
35.15; 4
35.25; 6
35.35; 3
35.45; 4
35.55; 1
35.65; 1
35.75; 2
35.85; 2
35.95; 2
36.05; 2
36.15; 1
36.25; 3
36.35; 3
36.45; 2
36.55; 2
36.65; 1
36.75; 2
36.85; 3
36.95; 0
37.05; 3
37.15; 2
37.25; 2
37.35; 3
37.45; 2
37.55; 3
37.65; 3
37.75; 1
37.85; 1
37.95; 2
38.05; 1
38.15; 0
38.25; 1
38.35; 0
38.45; 3
38.55; 5
38.65; 3
38.75; 4
38.85; 5
38.95; 1
39.05; 0
39.15; 2
39.25; 1
39.35; 3
39.45; 2
39.55; 1
39.65; 4
39.75; 1
39.85; 1
39.95; 1
40.05; 4
40.15; 2
40.25; 0
40.35; 1
40.45; 1
40.55; 0
40.65; 1
40.75; 0
40.85; 1
40.95; 1
41.05; 3
41.15; 0
41.25; 3
41.35; 1
41.45; 2
41.55; 0
41.65; 1
41.75; 3
41.85; 2
41.95; 2
42.05; 0
42.15; 0
42.25; 1
42.35; 1
42.45; 1
42.55; 1
42.65; 2
42.75; 2
42.85; 0
42.95; 0
43.05; 1
43.15; 4
43.25; 1
43.35; 0
43.45; 1
43.55; 2
43.65; 3
43.75; 1
43.85; 0
43.95; 2
44.05; 2
44.15; 0
44.25; 3
44.35; 0
44.45; 3
44.55; 1
44.65; 0
44.75; 2
44.85; 0
44.95; 1
45.05; 0
45.15; 1
45.25; 1
45.35; 2
45.45; 1
45.55; 2
45.65; 1
45.75; 0
45.85; 0
45.95; 1
46.05; 0
46.15; 1
46.25; 2
46.35; 6
46.45; 0
46.55; 1
46.65; 1
46.75; 0
46.85; 1
46.95; 0
47.05; 2
47.15; 1
47.25; 2
47.35; 0
47.45; 1
47.55; 2
47.65; 0
47.75; 1
47.85; 2
47.95; 0
48.05; 3
48.15; 2
48.25; 2
48.35; 0
48.45; 0
48.55; 2
48.65; 2
48.75; 0
48.85; 2
48.95; 4
49.05; 0
49.15; 0
49.25; 0
49.35; 2
49.45; 1
49.55; 2
49.65; 2
49.75; 0
49.85; 2
49.95; 0
50.05; 2
50.15; 1
50.25; 1
50.35; 1
50.45; 2
50.55; 0
50.65; 2
50.75; 0
50.85; 0
50.95; 1
51.05; 1
51.15; 0
51.25; 0
51.35; 1
51.45; 1
51.55; 0
51.65; 1
51.75; 0
51.85; 1
51.95; 1
52.05; 2
52.15; 0
52.25; 0
52.35; 1
52.45; 1
52.55; 0
52.65; 1
52.75; 0
52.85; 0
52.95; 1
53.05; 0
53.15; 1
53.25; 3
53.35; 0
53.45; 1
53.55; 1
53.65; 0
53.75; 2
53.85; 0
53.95; 0
54.05; 1
54.15; 0
54.25; 2
54.35; 1
54.45; 1
54.55; 1
54.65; 1
54.75; 1
54.85; 2
54.95; 0
55.05; 3
55.15; 0
55.25; 0
55.35; 0
55.45; 3
55.55; 1
55.65; 0
55.75; 1
55.85; 0
55.95; 1
56.05; 1
56.15; 1
56.25; 0
56.35; 1
56.45; 0
56.55; 0
56.65; 0
56.75; 2
56.85; 1
56.95; 0
57.05; 0
57.15; 1
57.25; 0
57.35; 1
57.45; 1
57.55; 2
57.65; 1
57.75; 1
57.85; 0
57.95; 0
58.05; 1
58.15; 1
58.25; 3
58.35; 0
58.45; 0
58.55; 0
58.65; 0
58.75; 0
58.85; 0
58.95; 1
59.05; 0
59.15; 1
59.25; 0
59.35; 1
59.45; 1
59.55; 0
59.65; 2
59.75; 0
59.85; 0
59.95; 1
60.05; 0
60.15; 2
60.25; 0
60.35; 0
60.45; 1
60.55; 1
60.65; 0
60.75; 2
60.85; 0
60.95; 0
61.05; 1
61.15; 0
61.25; 2
61.35; 1
61.45; 0
61.55; 0
61.65; 1
61.75; 2
61.85; 3
61.95; 2
62.05; 0
62.15; 0
62.25; 0
62.35; 1
62.45; 0
62.55; 2
62.65; 0
62.75; 0
62.85; 0
62.95; 1
63.05; 0
63.15; 2
63.25; 3
63.35; 1
63.45; 1
63.55; 0
63.65; 0
63.75; 2
63.85; 2
63.95; 0
64.05; 1
64.15; 0
64.25; 0
64.35; 0
64.45; 0
64.55; 1
64.65; 1
64.75; 0
64.85; 0
64.95; 0
65.05; 0
65.15; 0
65.25; 0
65.35; 0
65.45; 0
65.55; 0
65.65; 0
65.75; 2
65.85; 1
65.95; 0
66.05; 0
66.15; 0
66.25; 1
66.35; 0
66.45; 0
66.55; 0
66.65; 1
66.75; 0
66.85; 1
66.95; 1
67.05; 1
67.15; 1
67.25; 0
67.35; 0
67.45; 0
67.55; 0
67.65; 0
67.75; 0
67.85; 0
67.95; 0
68.05; 1
68.15; 0
68.25; 2
68.35; 0
68.45; 1
68.55; 0
68.65; 1
68.75; 0
68.85; 0
68.95; 1
69.05; 0
69.15; 1
69.25; 0
69.35; 1
69.45; 1
69.55; 0
69.65; 1
69.75; 0
69.85; 0
69.95; 1
70.05; 3
70.15; 0
70.25; 0
70.35; 1
70.45; 0
70.55; 1
70.65; 0
70.75; 0
70.85; 0
70.95; 0
71.05; 0
71.15; 0
71.25; 0
71.35; 1
71.45; 1
71.55; 0
71.65; 0
71.75; 0
71.85; 0
71.95; 0
72.05; 1
72.15; 0
72.25; 0
72.35; 1
72.45; 0
72.55; 1
72.65; 0
72.75; 0
72.85; 0
72.95; 1
73.05; 0
73.15; 0
73.25; 0
73.35; 0
73.45; 1
73.55; 0
73.65; 0
73.75; 0
73.85; 1
73.95; 0
74.05; 0
74.15; 1
74.25; 0
74.35; 0
74.45; 0
74.55; 1
74.65; 1
74.75; 0
74.85; 1
74.95; 1
75.05; 1
75.15; 0
75.25; 0
75.35; 1
75.45; 0
75.55; 0
75.65; 0
75.75; 0
75.85; 0
75.95; 0
76.05; 1
76.15; 1
76.25; 1
76.35; 2
76.45; 0
76.55; 0
76.65; 0
76.75; 0
76.85; 1
76.95; 0
77.05; 0
77.15; 0
77.25; 1
77.35; 0
77.45; 0
77.55; 0
77.65; 0
77.75; 0
77.85; 0
77.95; 0
78.05; 0
78.15; 0
78.25; 0
78.35; 1
78.45; 0
78.55; 0
78.65; 0
78.75; 1
78.85; 0
78.95; 0
79.05; 0
79.15; 0
79.25; 1
79.35; 0
79.45; 1
79.55; 0
79.65; 0
79.75; 0
79.85; 1
79.95; 0
80.05; 1
80.15; 0
80.25; 0
80.35; 0
80.45; 0
80.55; 0
80.65; 0
80.75; 0
80.85; 0
80.95; 1
81.05; 0
81.15; 0
81.25; 0
81.35; 0
81.45; 0
81.55; 0
81.65; 0
81.75; 0
81.85; 0
81.95; 0
82.05; 0
82.15; 0
82.25; 1
82.35; 0
82.45; 0
82.55; 0
82.65; 0
82.75; 0
82.85; 1
82.95; 0
83.05; 0
83.15; 0
83.25; 0
83.35; 0
83.45; 1
83.55; 0
83.65; 2
83.75; 0
83.85; 2
83.95; 0
84.05; 0
84.15; 0
84.25; 1
84.35; 0
84.45; 1
84.55; 1
84.65; 0
84.75; 0
84.85; 0
84.95; 0
85.05; 0
85.15; 0
85.25; 0
85.35; 0
85.45; 1
85.55; 0
85.65; 0
85.75; 1
85.85; 0
85.95; 0
86.05; 1
86.15; 0
86.25; 1
86.35; 1
86.45; 0
86.55; 0
86.65; 0
86.75; 0
86.85; 0
86.95; 0
87.05; 0
87.15; 0
87.25; 1
87.35; 0
87.45; 0
87.55; 1
87.65; 0
87.75; 0
87.85; 1
87.95; 0
88.05; 0
88.15; 1
88.25; 0
88.35; 0
88.45; 0
88.55; 0
88.65; 2
88.75; 0
88.85; 0
88.95; 0
89.05; 0
89.15; 0
89.25; 1
89.35; 0
89.45; 1
89.55; 1
89.65; 0
89.75; 0
89.85; 0
89.95; 0
90.05; 0
90.15; 0
90.25; 0
90.35; 0
90.45; 0
90.55; 0
90.65; 0
90.75; 0
90.85; 0
90.95; 0
91.05; 0
91.15; 0
91.25; 0
91.35; 0
91.45; 0
91.55; 0
91.65; 0
91.75; 0
91.85; 0
91.95; 0
92.05; 0
92.15; 0
92.25; 0
92.35; 0
92.45; 0
92.55; 0
92.65; 0
92.75; 0
92.85; 1
92.95; 0
93.05; 0
93.15; 0
93.25; 0
93.35; 0
93.45; 0
93.55; 0
93.65; 0
93.75; 0
93.85; 0
93.95; 0
94.05; 0
94.15; 0
94.25; 0
94.35; 1
94.45; 0
94.55; 0
94.65; 0
94.75; 0
94.85; 1
94.95; 0
95.05; 0
95.15; 0
95.25; 0
95.35; 0
95.45; 0
95.55; 1
95.65; 0
95.75; 0
95.85; 1
95.95; 1
96.05; 0
96.15; 0
96.25; 0
96.35; 0
96.45; 0
96.55; 0
96.65; 0
96.75; 0
96.85; 1
96.95; 0
97.05; 1
97.15; 1
97.25; 0
97.35; 0
97.45; 1
97.55; 0
97.65; 0
97.75; 1
97.85; 1
97.95; 0
98.05; 0
98.15; 2
98.25; 0
98.35; 0
98.45; 0
98.55; 0
98.65; 0
98.75; 0
98.85; 0
98.95; 0
99.05; 0
99.15; 0
99.25; 0
99.35; 0
99.45; 0
99.55; 0
99.65; 0
99.75; 0
99.85; 0
