0.05; 72
0.15; 61
0.25; 58
0.35; 62
0.45; 63
0.55; 266
0.65; 1587
0.75; 1920
0.85; 1330
0.95; 913
1.05; 649
1.15; 502
1.25; 511
1.35; 740
1.45; 986
1.55; 956
1.65; 880
1.75; 657
1.85; 582
1.95; 531
2.05; 428
2.15; 410
2.25; 332
2.35; 324
2.45; 316
2.55; 506
2.65; 1752
2.75; 4803
2.85; 8118
2.95; 9390
3.05; 9271
3.15; 8089
3.25; 6727
3.35; 5510
3.45; 4343
3.55; 3260
3.65; 2632
3.75; 2022
3.85; 1514
3.95; 1189
4.05; 905
4.15; 729
4.25; 553
4.35; 476
4.45; 331
4.55; 306
4.65; 250
4.75; 214
4.85; 160
4.95; 136
5.05; 133
5.15; 130
5.25; 100
5.35; 106
5.45; 96
5.55; 85
5.65; 78
5.75; 86
5.85; 78
5.95; 67
6.05; 57
6.15; 63
6.25; 47
6.35; 48
6.45; 51
6.55; 54
6.65; 46
6.75; 48
6.85; 42
6.95; 45
7.05; 49
7.15; 34
7.25; 40
7.35; 30
7.45; 45
7.55; 37
7.65; 34
7.75; 43
7.85; 35
7.95; 30
8.05; 33
8.15; 27
8.25; 15
8.35; 30
8.45; 26
8.55; 21
8.65; 26
8.75; 28
8.85; 23
8.95; 18
9.05; 22
9.15; 34
9.25; 19
9.35; 24
9.45; 23
9.55; 23
9.65; 38
9.75; 20
9.85; 20
9.95; 22
10.05; 18
10.15; 30
10.25; 19
10.35; 22
10.45; 21
10.55; 19
10.65; 18
10.75; 17
10.85; 23
10.95; 14
11.05; 12
11.15; 16
11.25; 10
11.35; 15
11.45; 17
11.55; 12
11.65; 14
11.75; 14
11.85; 23
11.95; 16
12.05; 9
12.15; 16
12.25; 9
12.35; 15
12.45; 11
12.55; 18
12.65; 12
12.75; 9
12.85; 12
12.95; 9
13.05; 19
13.15; 4
13.25; 10
13.35; 7
13.45; 11
13.55; 15
13.65; 12
13.75; 5
13.85; 8
13.95; 3
14.05; 15
14.15; 7
14.25; 6
14.35; 7
14.45; 13
14.55; 12
14.65; 6
14.75; 8
14.85; 4
14.95; 11
15.05; 7
15.15; 11
15.25; 13
15.35; 6
15.45; 10
15.55; 15
15.65; 11
15.75; 9
15.85; 6
15.95; 14
16.05; 12
16.15; 12
16.25; 7
16.35; 2
16.45; 8
16.55; 10
16.65; 9
16.75; 10
16.85; 9
16.95; 7
17.05; 9
17.15; 7
17.25; 12
17.35; 3
17.45; 8
17.55; 10
17.65; 6
17.75; 2
17.85; 4
17.95; 12
18.05; 8
18.15; 8
18.25; 10
18.35; 8
18.45; 7
18.55; 7
18.65; 9
18.75; 8
18.85; 6
18.95; 8
19.05; 9
19.15; 5
19.25; 9
19.35; 6
19.45; 4
19.55; 6
19.65; 9
19.75; 6
19.85; 8
19.95; 3
20.05; 8
20.15; 7
20.25; 7
20.35; 11
20.45; 6
20.55; 5
20.65; 11
20.75; 5
20.85; 8
20.95; 4
21.05; 6
21.15; 7
21.25; 8
21.35; 4
21.45; 6
21.55; 2
21.65; 4
21.75; 9
21.85; 8
21.95; 2
22.05; 8
22.15; 6
22.25; 6
22.35; 4
22.45; 5
22.55; 1
22.65; 4
22.75; 8
22.85; 3
22.95; 0
23.05; 4
23.15; 5
23.25; 6
23.35; 6
23.45; 1
23.55; 3
23.65; 2
23.75; 6
23.85; 6
23.95; 4
24.05; 6
24.15; 5
24.25; 6
24.35; 4
24.45; 6
24.55; 3
24.65; 5
24.75; 3
24.85; 4
24.95; 4
25.05; 5
25.15; 6
25.25; 5
25.35; 7
25.45; 4
25.55; 2
25.65; 2
25.75; 3
25.85; 2
25.95; 4
26.05; 6
26.15; 5
26.25; 3
26.35; 4
26.45; 3
26.55; 6
26.65; 1
26.75; 1
26.85; 2
26.95; 7
27.05; 2
27.15; 2
27.25; 5
27.35; 3
27.45; 1
27.55; 5
27.65; 3
27.75; 4
27.85; 0
27.95; 2
28.05; 3
28.15; 2
28.25; 4
28.35; 2
28.45; 2
28.55; 1
28.65; 3
28.75; 2
28.85; 1
28.95; 2
29.05; 9
29.15; 4
29.25; 2
29.35; 2
29.45; 2
29.55; 5
29.65; 2
29.75; 4
29.85; 2
29.95; 4
30.05; 4
30.15; 3
30.25; 0
30.35; 0
30.45; 2
30.55; 2
30.65; 1
30.75; 3
30.85; 5
30.95; 0
31.05; 3
31.15; 2
31.25; 2
31.35; 2
31.45; 1
31.55; 4
31.65; 2
31.75; 1
31.85; 1
31.95; 2
32.05; 4
32.15; 1
32.25; 0
32.35; 4
32.45; 1
32.55; 1
32.65; 2
32.75; 3
32.85; 2
32.95; 1
33.05; 3
33.15; 3
33.25; 2
33.35; 2
33.45; 4
33.55; 4
33.65; 2
33.75; 4
33.85; 2
33.95; 2
34.05; 3
34.15; 2
34.25; 1
34.35; 2
34.45; 0
34.55; 2
34.65; 2
34.75; 2
34.85; 3
34.95; 1
35.05; 4
35.15; 1
35.25; 2
35.35; 1
35.45; 0
35.55; 0
35.65; 4
35.75; 0
35.85; 1
35.95; 3
36.05; 1
36.15; 3
36.25; 1
36.35; 0
36.45; 2
36.55; 1
36.65; 2
36.75; 2
36.85; 0
36.95; 2
37.05; 2
37.15; 2
37.25; 0
37.35; 1
37.45; 2
37.55; 0
37.65; 0
37.75; 0
37.85; 2
37.95; 3
38.05; 3
38.15; 0
38.25; 0
38.35; 2
38.45; 1
38.55; 0
38.65; 4
38.75; 2
38.85; 2
38.95; 0
39.05; 0
39.15; 1
39.25; 0
39.35; 0
39.45; 0
39.55; 3
39.65; 2
39.75; 0
39.85; 3
39.95; 2
40.05; 3
40.15; 1
40.25; 1
40.35; 1
40.45; 0
40.55; 2
40.65; 2
40.75; 3
40.85; 1
40.95; 2
41.05; 1
41.15; 0
41.25; 4
41.35; 4
41.45; 0
41.55; 2
41.65; 0
41.75; 1
41.85; 0
41.95; 0
42.05; 0
42.15; 1
42.25; 0
42.35; 0
42.45; 2
42.55; 1
42.65; 0
42.75; 0
42.85; 1
42.95; 0
43.05; 1
43.15; 2
43.25; 1
43.35; 0
43.45; 1
43.55; 0
43.65; 1
43.75; 1
43.85; 0
43.95; 1
44.05; 1
44.15; 1
44.25; 1
44.35; 4
44.45; 2
44.55; 0
44.65; 1
44.75; 0
44.85; 1
44.95; 2
45.05; 2
45.15; 2
45.25; 0
45.35; 1
45.45; 1
45.55; 0
45.65; 1
45.75; 2
45.85; 0
45.95; 1
46.05; 1
46.15; 0
46.25; 0
46.35; 1
46.45; 1
46.55; 1
46.65; 0
46.75; 0
46.85; 0
46.95; 1
47.05; 0
47.15; 2
47.25; 0
47.35; 0
47.45; 0
47.55; 1
47.65; 1
47.75; 1
47.85; 1
47.95; 0
48.05; 0
48.15; 0
48.25; 2
48.35; 0
48.45; 0
48.55; 2
48.65; 1
48.75; 3
48.85; 0
48.95; 1
49.05; 0
49.15; 1
49.25; 1
49.35; 1
49.45; 0
49.55; 1
49.65; 0
49.75; 1
49.85; 0
49.95; 0
50.05; 2
50.15; 1
50.25; 0
50.35; 0
50.45; 0
50.55; 1
50.65; 3
50.75; 1
50.85; 1
50.95; 0
51.05; 1
51.15; 1
51.25; 1
51.35; 0
51.45; 2
51.55; 3
51.65; 0
51.75; 1
51.85; 1
51.95; 2
52.05; 2
52.15; 1
52.25; 1
52.35; 0
52.45; 3
52.55; 1
52.65; 1
52.75; 1
52.85; 1
52.95; 0
53.05; 0
53.15; 0
53.25; 2
53.35; 2
53.45; 0
53.55; 0
53.65; 1
53.75; 1
53.85; 1
53.95; 0
54.05; 0
54.15; 0
54.25; 1
54.35; 2
54.45; 4
54.55; 0
54.65; 2
54.75; 1
54.85; 2
54.95; 0
55.05; 2
55.15; 0
55.25; 0
55.35; 0
55.45; 0
55.55; 1
55.65; 0
55.75; 1
55.85; 1
55.95; 0
56.05; 0
56.15; 1
56.25; 1
56.35; 1
56.45; 1
56.55; 1
56.65; 2
56.75; 1
56.85; 1
56.95; 1
57.05; 1
57.15; 2
57.25; 1
57.35; 0
57.45; 0
57.55; 0
57.65; 2
57.75; 1
57.85; 2
57.95; 0
58.05; 0
58.15; 0
58.25; 1
58.35; 0
58.45; 0
58.55; 0
58.65; 0
58.75; 3
58.85; 0
58.95; 1
59.05; 1
59.15; 0
59.25; 1
59.35; 0
59.45; 1
59.55; 0
59.65; 1
59.75; 0
59.85; 1
59.95; 1
60.05; 0
60.15; 0
60.25; 1
60.35; 2
60.45; 1
60.55; 0
60.65; 0
60.75; 0
60.85; 0
60.95; 0
61.05; 0
61.15; 1
61.25; 0
61.35; 0
61.45; 0
61.55; 2
61.65; 3
61.75; 1
61.85; 0
61.95; 2
62.05; 2
62.15; 0
62.25; 0
62.35; 4
62.45; 0
62.55; 0
62.65; 0
62.75; 0
62.85; 1
62.95; 0
63.05; 0
63.15; 0
63.25; 1
63.35; 0
63.45; 1
63.55; 0
63.65; 0
63.75; 0
63.85; 0
63.95; 2
64.05; 1
64.15; 0
64.25; 0
64.35; 1
64.45; 2
64.55; 1
64.65; 0
64.75; 0
64.85; 0
64.95; 1
65.05; 0
65.15; 1
65.25; 0
65.35; 1
65.45; 0
65.55; 1
65.65; 0
65.75; 0
65.85; 0
65.95; 2
66.05; 1
66.15; 0
66.25; 0
66.35; 0
66.45; 0
66.55; 0
66.65; 2
66.75; 0
66.85; 1
66.95; 0
67.05; 0
67.15; 1
67.25; 0
67.35; 0
67.45; 0
67.55; 0
67.65; 1
67.75; 0
67.85; 1
67.95; 0
68.05; 0
68.15; 0
68.25; 0
68.35; 2
68.45; 0
68.55; 1
68.65; 0
68.75; 3
68.85; 0
68.95; 1
69.05; 0
69.15; 0
69.25; 1
69.35; 0
69.45; 0
69.55; 0
69.65; 0
69.75; 0
69.85; 3
69.95; 0
70.05; 0
70.15; 0
70.25; 0
70.35; 0
70.45; 0
70.55; 0
70.65; 0
70.75; 0
70.85; 1
70.95; 0
71.05; 1
71.15; 0
71.25; 0
71.35; 0
71.45; 0
71.55; 0
71.65; 0
71.75; 0
71.85; 0
71.95; 0
72.05; 0
72.15; 0
72.25; 0
72.35; 0
72.45; 1
72.55; 0
72.65; 0
72.75; 0
72.85; 0
72.95; 0
73.05; 0
73.15; 0
73.25; 0
73.35; 0
73.45; 1
73.55; 0
73.65; 0
73.75; 0
73.85; 1
73.95; 1
74.05; 2
74.15; 0
74.25; 0
74.35; 2
74.45; 0
74.55; 0
74.65; 0
74.75; 2
74.85; 2
74.95; 0
75.05; 0
75.15; 0
75.25; 0
75.35; 0
75.45; 1
75.55; 1
75.65; 0
75.75; 0
75.85; 0
75.95; 1
76.05; 0
76.15; 0
76.25; 0
76.35; 1
76.45; 0
76.55; 1
76.65; 0
76.75; 0
76.85; 0
76.95; 0
77.05; 0
77.15; 0
77.25; 0
77.35; 0
77.45; 0
77.55; 0
77.65; 0
77.75; 0
77.85; 0
77.95; 1
78.05; 0
78.15; 0
78.25; 1
78.35; 2
78.45; 0
78.55; 0
78.65; 0
78.75; 0
78.85; 0
78.95; 0
79.05; 1
79.15; 0
79.25; 0
79.35; 0
79.45; 0
79.55; 0
79.65; 1
79.75; 0
79.85; 1
79.95; 1
80.05; 0
80.15; 0
80.25; 0
80.35; 0
80.45; 0
80.55; 1
80.65; 1
80.75; 0
80.85; 0
80.95; 0
81.05; 1
81.15; 0
81.25; 1
81.35; 0
81.45; 0
81.55; 0
81.65; 0
81.75; 0
81.85; 0
81.95; 0
82.05; 0
82.15; 1
82.25; 0
82.35; 0
82.45; 0
82.55; 0
82.65; 0
82.75; 0
82.85; 0
82.95; 0
83.05; 0
83.15; 0
83.25; 0
83.35; 0
83.45; 0
83.55; 0
83.65; 0
83.75; 0
83.85; 0
83.95; 0
84.05; 0
84.15; 0
84.25; 1
84.35; 0
84.45; 0
84.55; 0
84.65; 0
84.75; 1
84.85; 0
84.95; 0
85.05; 0
85.15; 0
85.25; 0
85.35; 0
85.45; 0
85.55; 0
85.65; 0
85.75; 0
85.85; 0
85.95; 0
86.05; 0
86.15; 0
86.25; 0
86.35; 0
86.45; 0
86.55; 0
86.65; 0
86.75; 0
86.85; 0
86.95; 0
87.05; 1
87.15; 0
87.25; 0
87.35; 0
87.45; 0
87.55; 0
87.65; 0
87.75; 0
87.85; 0
87.95; 0
88.05; 0
88.15; 1
88.25; 1
88.35; 0
88.45; 0
88.55; 0
88.65; 0
88.75; 0
88.85; 0
88.95; 0
89.05; 0
89.15; 0
89.25; 0
89.35; 0
89.45; 0
89.55; 0
89.65; 0
89.75; 1
89.85; 0
89.95; 0
90.05; 0
90.15; 0
90.25; 0
90.35; 0
90.45; 1
90.55; 0
90.65; 1
90.75; 0
90.85; 0
90.95; 0
91.05; 0
91.15; 0
91.25; 1
91.35; 1
91.45; 0
91.55; 0
91.65; 0
91.75; 0
91.85; 0
91.95; 0
92.05; 1
92.15; 0
92.25; 1
92.35; 0
92.45; 0
92.55; 0
92.65; 0
92.75; 0
92.85; 0
92.95; 0
93.05; 0
93.15; 0
93.25; 0
93.35; 0
93.45; 1
93.55; 0
93.65; 0
93.75; 0
93.85; 0
93.95; 0
94.05; 0
94.15; 0
94.25; 0
94.35; 0
94.45; 0
94.55; 0
94.65; 0
94.75; 0
94.85; 0
94.95; 0
95.05; 0
95.15; 0
95.25; 1
95.35; 0
95.45; 0
95.55; 0
95.65; 0
95.75; 0
95.85; 0
95.95; 0
96.05; 0
96.15; 0
96.25; 0
96.35; 0
96.45; 0
96.55; 0
96.65; 0
96.75; 0
96.85; 0
96.95; 0
97.05; 0
97.15; 0
97.25; 0
97.35; 0
97.45; 0
97.55; 0
97.65; 0
97.75; 0
97.85; 1
97.95; 0
98.05; 0
98.15; 0
98.25; 0
98.35; 0
98.45; 0
98.55; 0
98.65; 0
98.75; 0
98.85; 0
98.95; 0
99.05; 0
99.15; 0
99.25; 0
99.35; 0
99.45; 0
99.55; 0
99.65; 0
99.75; 0
99.85; 0
