0.05; 19
0.15; 18
0.25; 23
0.35; 13
0.45; 6
0.55; 8
0.65; 9
0.75; 45
0.85; 131
0.95; 332
1.05; 479
1.15; 340
1.25; 323
1.35; 256
1.45; 193
1.55; 179
1.65; 148
1.75; 117
1.85; 154
1.95; 188
2.05; 178
2.15; 229
2.25; 243
2.35; 224
2.45; 220
2.55; 207
2.65; 179
2.75; 174
2.85; 142
2.95; 134
3.05; 121
3.15; 130
3.25; 110
3.35; 101
3.45; 102
3.55; 106
3.65; 160
3.75; 599
3.85; 2031
3.95; 4607
4.05; 7337
4.15; 9602
4.25; 10471
4.35; 10363
4.45; 9456
4.55; 8279
4.65; 6704
4.75; 5368
4.85; 4227
4.95; 3219
5.05; 2271
5.15; 1640
5.25; 1212
5.35; 834
5.45; 575
5.55; 367
5.65; 277
5.75; 208
5.85; 117
5.95; 116
6.05; 93
6.15; 51
6.25; 52
6.35; 34
6.45; 33
6.55; 32
6.65; 39
6.75; 23
6.85; 27
6.95; 27
7.05; 17
7.15; 20
7.25; 14
7.35; 18
7.45; 28
7.55; 15
7.65; 31
7.75; 12
7.85; 22
7.95; 16
8.05; 14
8.15; 9
8.25; 16
8.35; 20
8.45; 20
8.55; 19
8.65; 15
8.75; 18
8.85; 16
8.95; 11
9.05; 26
9.15; 18
9.25; 16
9.35; 11
9.45; 13
9.55; 10
9.65; 14
9.75; 10
9.85; 6
9.95; 16
10.05; 12
10.15; 14
10.25; 21
10.35; 11
10.45; 12
10.55; 14
10.65; 18
10.75; 11
10.85; 11
10.95; 8
11.05; 14
11.15; 14
11.25; 11
11.35; 11
11.45; 12
11.55; 9
11.65; 17
11.75; 13
11.85; 15
11.95; 10
12.05; 15
12.15; 6
12.25; 11
12.35; 8
12.45; 8
12.55; 14
12.65; 13
12.75; 11
12.85; 6
12.95; 12
13.05; 9
13.15; 8
13.25; 11
13.35; 7
13.45; 9
13.55; 12
13.65; 9
13.75; 6
13.85; 9
13.95; 6
14.05; 14
14.15; 8
14.25; 4
14.35; 12
14.45; 10
14.55; 13
14.65; 8
14.75; 11
14.85; 13
14.95; 15
15.05; 7
15.15; 6
15.25; 8
15.35; 9
15.45; 6
15.55; 9
15.65; 7
15.75; 6
15.85; 3
15.95; 8
16.05; 5
16.15; 10
16.25; 2
16.35; 8
16.45; 1
16.55; 7
16.65; 5
16.75; 9
16.85; 3
16.95; 5
17.05; 9
17.15; 6
17.25; 7
17.35; 7
17.45; 5
17.55; 6
17.65; 5
17.75; 7
17.85; 3
17.95; 5
18.05; 7
18.15; 5
18.25; 3
18.35; 6
18.45; 8
18.55; 8
18.65; 9
18.75; 4
18.85; 3
18.95; 3
19.05; 4
19.15; 7
19.25; 9
19.35; 5
19.45; 7
19.55; 8
19.65; 4
19.75; 3
19.85; 5
19.95; 3
20.05; 6
20.15; 1
20.25; 2
20.35; 7
20.45; 5
20.55; 11
20.65; 7
20.75; 2
20.85; 3
20.95; 6
21.05; 5
21.15; 3
21.25; 10
21.35; 6
21.45; 6
21.55; 2
21.65; 4
21.75; 4
21.85; 6
21.95; 2
22.05; 5
22.15; 5
22.25; 5
22.35; 5
22.45; 2
22.55; 1
22.65; 2
22.75; 2
22.85; 5
22.95; 5
23.05; 4
23.15; 4
23.25; 3
23.35; 4
23.45; 7
23.55; 4
23.65; 4
23.75; 4
23.85; 3
23.95; 3
24.05; 6
24.15; 3
24.25; 2
24.35; 4
24.45; 0
24.55; 2
24.65; 1
24.75; 2
24.85; 7
24.95; 3
25.05; 2
25.15; 5
25.25; 1
25.35; 3
25.45; 2
25.55; 3
25.65; 2
25.75; 3
25.85; 2
25.95; 3
26.05; 5
26.15; 0
26.25; 5
26.35; 1
26.45; 2
26.55; 3
26.65; 3
26.75; 3
26.85; 1
26.95; 5
27.05; 2
27.15; 3
27.25; 3
27.35; 2
27.45; 5
27.55; 1
27.65; 1
27.75; 4
27.85; 4
27.95; 4
28.05; 1
28.15; 4
28.25; 0
28.35; 3
28.45; 2
28.55; 4
28.65; 2
28.75; 1
28.85; 1
28.95; 0
29.05; 1
29.15; 4
29.25; 2
29.35; 2
29.45; 3
29.55; 2
29.65; 2
29.75; 2
29.85; 1
29.95; 0
30.05; 1
30.15; 2
30.25; 1
30.35; 1
30.45; 3
30.55; 1
30.65; 4
30.75; 3
30.85; 1
30.95; 4
31.05; 0
31.15; 5
31.25; 0
31.35; 4
31.45; 1
31.55; 1
31.65; 3
31.75; 1
31.85; 2
31.95; 1
32.05; 1
32.15; 4
32.25; 0
32.35; 2
32.45; 0
32.55; 2
32.65; 0
32.75; 3
32.85; 1
32.95; 6
33.05; 3
33.15; 0
33.25; 1
33.35; 3
33.45; 1
33.55; 1
33.65; 2
33.75; 1
33.85; 2
33.95; 2
34.05; 1
34.15; 0
34.25; 0
34.35; 2
34.45; 0
34.55; 0
34.65; 1
34.75; 2
34.85; 0
34.95; 2
35.05; 3
35.15; 1
35.25; 2
35.35; 5
35.45; 2
35.55; 0
35.65; 1
35.75; 1
35.85; 3
35.95; 0
36.05; 0
36.15; 2
36.25; 2
36.35; 1
36.45; 1
36.55; 1
36.65; 0
36.75; 2
36.85; 0
36.95; 2
37.05; 2
37.15; 4
37.25; 1
37.35; 3
37.45; 0
37.55; 0
37.65; 1
37.75; 1
37.85; 2
37.95; 1
38.05; 2
38.15; 2
38.25; 0
38.35; 0
38.45; 0
38.55; 1
38.65; 0
38.75; 0
38.85; 2
38.95; 1
39.05; 1
39.15; 1
39.25; 0
39.35; 2
39.45; 2
39.55; 3
39.65; 0
39.75; 1
39.85; 1
39.95; 1
40.05; 2
40.15; 1
40.25; 4
40.35; 1
40.45; 1
40.55; 0
40.65; 3
40.75; 1
40.85; 3
40.95; 0
41.05; 3
41.15; 0
41.25; 1
41.35; 1
41.45; 3
41.55; 3
41.65; 2
41.75; 1
41.85; 2
41.95; 0
42.05; 0
42.15; 1
42.25; 1
42.35; 0
42.45; 0
42.55; 2
42.65; 1
42.75; 2
42.85; 2
42.95; 0
43.05; 1
43.15; 0
43.25; 1
43.35; 0
43.45; 0
43.55; 3
43.65; 1
43.75; 0
43.85; 1
43.95; 0
44.05; 0
44.15; 1
44.25; 0
44.35; 2
44.45; 1
44.55; 0
44.65; 1
44.75; 0
44.85; 1
44.95; 2
45.05; 0
45.15; 2
45.25; 0
45.35; 2
45.45; 1
45.55; 2
45.65; 1
45.75; 4
45.85; 2
45.95; 0
46.05; 3
46.15; 1
46.25; 0
46.35; 1
46.45; 1
46.55; 1
46.65; 1
46.75; 0
46.85; 2
46.95; 1
47.05; 1
47.15; 2
47.25; 1
47.35; 1
47.45; 0
47.55; 1
47.65; 1
47.75; 1
47.85; 1
47.95; 3
48.05; 1
48.15; 0
48.25; 0
48.35; 0
48.45; 3
48.55; 1
48.65; 0
48.75; 0
48.85; 0
48.95; 0
49.05; 0
49.15; 2
49.25; 0
49.35; 2
49.45; 0
49.55; 0
49.65; 1
49.75; 1
49.85; 0
49.95; 1
50.05; 2
50.15; 5
50.25; 0
50.35; 2
50.45; 0
50.55; 1
50.65; 0
50.75; 0
50.85; 1
50.95; 0
51.05; 1
51.15; 0
51.25; 0
51.35; 0
51.45; 0
51.55; 0
51.65; 2
51.75; 1
51.85; 2
51.95; 0
52.05; 0
52.15; 1
52.25; 0
52.35; 0
52.45; 0
52.55; 0
52.65; 1
52.75; 3
52.85; 3
52.95; 0
53.05; 1
53.15; 0
53.25; 0
53.35; 0
53.45; 1
53.55; 2
53.65; 0
53.75; 0
53.85; 0
53.95; 0
54.05; 0
54.15; 0
54.25; 0
54.35; 0
54.45; 0
54.55; 0
54.65; 1
54.75; 2
54.85; 1
54.95; 0
55.05; 2
55.15; 1
55.25; 2
55.35; 0
55.45; 0
55.55; 0
55.65; 0
55.75; 0
55.85; 0
55.95; 1
56.05; 1
56.15; 1
56.25; 0
56.35; 1
56.45; 0
56.55; 2
56.65; 1
56.75; 1
56.85; 1
56.95; 1
57.05; 0
57.15; 1
57.25; 2
57.35; 1
57.45; 1
57.55; 0
57.65; 2
57.75; 3
57.85; 1
57.95; 0
58.05; 1
58.15; 1
58.25; 1
58.35; 0
58.45; 0
58.55; 0
58.65; 0
58.75; 1
58.85; 0
58.95; 0
59.05; 0
59.15; 1
59.25; 1
59.35; 1
59.45; 0
59.55; 0
59.65; 0
59.75; 0
59.85; 0
59.95; 3
60.05; 1
60.15; 0
60.25; 1
60.35; 0
60.45; 1
60.55; 1
60.65; 1
60.75; 0
60.85; 1
60.95; 4
61.05; 1
61.15; 0
61.25; 0
61.35; 1
61.45; 0
61.55; 0
61.65; 1
61.75; 2
61.85; 1
61.95; 0
62.05; 0
62.15; 0
62.25; 1
62.35; 3
62.45; 0
62.55; 0
62.65; 2
62.75; 0
62.85; 2
62.95; 0
63.05; 1
63.15; 0
63.25; 0
63.35; 0
63.45; 1
63.55; 0
63.65; 1
63.75; 0
63.85; 0
63.95; 1
64.05; 0
64.15; 0
64.25; 0
64.35; 1
64.45; 0
64.55; 3
64.65; 0
64.75; 0
64.85; 1
64.95; 1
65.05; 1
65.15; 2
65.25; 0
65.35; 1
65.45; 1
65.55; 0
65.65; 1
65.75; 0
65.85; 1
65.95; 0
66.05; 0
66.15; 0
66.25; 0
66.35; 1
66.45; 1
66.55; 0
66.65; 1
66.75; 0
66.85; 0
66.95; 0
67.05; 0
67.15; 1
67.25; 0
67.35; 0
67.45; 0
67.55; 0
67.65; 0
67.75; 0
67.85; 0
67.95; 1
68.05; 0
68.15; 0
68.25; 0
68.35; 1
68.45; 0
68.55; 1
68.65; 0
68.75; 1
68.85; 0
68.95; 0
69.05; 0
69.15; 0
69.25; 0
69.35; 0
69.45; 0
69.55; 0
69.65; 0
69.75; 1
69.85; 2
69.95; 0
70.05; 0
70.15; 0
70.25; 0
70.35; 0
70.45; 1
70.55; 1
70.65; 2
70.75; 0
70.85; 0
70.95; 1
71.05; 0
71.15; 0
71.25; 0
71.35; 0
71.45; 0
71.55; 0
71.65; 1
71.75; 1
71.85; 1
71.95; 1
72.05; 0
72.15; 0
72.25; 0
72.35; 0
72.45; 0
72.55; 2
72.65; 0
72.75; 0
72.85; 0
72.95; 0
73.05; 0
73.15; 0
73.25; 0
73.35; 0
73.45; 0
73.55; 0
73.65; 1
73.75; 0
73.85; 0
73.95; 0
74.05; 0
74.15; 1
74.25; 0
74.35; 0
74.45; 0
74.55; 1
74.65; 0
74.75; 0
74.85; 0
74.95; 0
75.05; 0
75.15; 0
75.25; 1
75.35; 0
75.45; 1
75.55; 1
75.65; 0
75.75; 1
75.85; 1
75.95; 0
76.05; 1
76.15; 0
76.25; 0
76.35; 1
76.45; 0
76.55; 1
76.65; 0
76.75; 0
76.85; 0
76.95; 2
77.05; 0
77.15; 0
77.25; 2
77.35; 0
77.45; 0
77.55; 0
77.65; 0
77.75; 0
77.85; 0
77.95; 0
78.05; 0
78.15; 0
78.25; 0
78.35; 1
78.45; 0
78.55; 0
78.65; 0
78.75; 0
78.85; 0
78.95; 0
79.05; 0
79.15; 0
79.25; 0
79.35; 0
79.45; 0
79.55; 1
79.65; 1
79.75; 0
79.85; 0
79.95; 1
80.05; 0
80.15; 0
80.25; 1
80.35; 0
80.45; 0
80.55; 0
80.65; 0
80.75; 0
80.85; 0
80.95; 0
81.05; 1
81.15; 0
81.25; 0
81.35; 0
81.45; 0
81.55; 0
81.65; 0
81.75; 0
81.85; 0
81.95; 1
82.05; 1
82.15; 0
82.25; 1
82.35; 0
82.45; 0
82.55; 0
82.65; 0
82.75; 0
82.85; 0
82.95; 0
83.05; 1
83.15; 0
83.25; 1
83.35; 1
83.45; 0
83.55; 0
83.65; 0
83.75; 1
83.85; 1
83.95; 0
84.05; 0
84.15; 0
84.25; 0
84.35; 0
84.45; 0
84.55; 0
84.65; 0
84.75; 0
84.85; 0
84.95; 1
85.05; 0
85.15; 0
85.25; 0
85.35; 0
85.45; 0
85.55; 0
85.65; 0
85.75; 0
85.85; 0
85.95; 0
86.05; 0
86.15; 0
86.25; 0
86.35; 0
86.45; 0
86.55; 1
86.65; 0
86.75; 0
86.85; 0
86.95; 0
87.05; 0
87.15; 0
87.25; 1
87.35; 0
87.45; 1
87.55; 1
87.65; 0
87.75; 0
87.85; 1
87.95; 0
88.05; 0
88.15; 0
88.25; 0
88.35; 0
88.45; 0
88.55; 0
88.65; 0
88.75; 1
88.85; 0
88.95; 0
89.05; 0
89.15; 0
89.25; 0
89.35; 0
89.45; 0
89.55; 1
89.65; 0
89.75; 0
89.85; 0
89.95; 0
90.05; 0
90.15; 0
90.25; 0
90.35; 0
90.45; 0
90.55; 0
90.65; 2
90.75; 0
90.85; 0
90.95; 0
91.05; 0
91.15; 0
91.25; 0
91.35; 0
91.45; 0
91.55; 0
91.65; 1
91.75; 0
91.85; 0
91.95; 0
92.05; 0
92.15; 0
92.25; 0
92.35; 0
92.45; 1
92.55; 0
92.65; 0
92.75; 0
92.85; 0
92.95; 0
93.05; 0
93.15; 0
93.25; 0
93.35; 1
93.45; 1
93.55; 0
93.65; 0
93.75; 0
93.85; 0
93.95; 0
94.05; 0
94.15; 0
94.25; 0
94.35; 0
94.45; 0
94.55; 0
94.65; 0
94.75; 0
94.85; 0
94.95; 0
95.05; 0
95.15; 0
95.25; 0
95.35; 0
95.45; 0
95.55; 1
95.65; 0
95.75; 0
95.85; 0
95.95; 0
96.05; 0
96.15; 1
96.25; 0
96.35; 0
96.45; 0
96.55; 0
96.65; 0
96.75; 1
96.85; 0
96.95; 0
97.05; 0
97.15; 0
97.25; 0
97.35; 0
97.45; 0
97.55; 0
97.65; 0
97.75; 0
97.85; 1
97.95; 0
98.05; 0
98.15; 0
98.25; 0
98.35; 0
98.45; 0
98.55; 1
98.65; 0
98.75; 0
98.85; 0
98.95; 0
99.05; 1
99.15; 0
99.25; 0
99.35; 2
99.45; 0
99.55; 1
99.65; 0
99.75; 1
99.85; 0
