0.05; 65
0.15; 57
0.25; 65
0.35; 44
0.45; 47
0.55; 31
0.65; 42
0.75; 59
0.85; 173
0.95; 357
1.05; 665
1.15; 942
1.25; 1075
1.35; 1016
1.45; 917
1.55; 729
1.65; 592
1.75; 474
1.85; 395
1.95; 328
2.05; 285
2.15; 210
2.25; 188
2.35; 237
2.45; 255
2.55; 244
2.65; 318
2.75; 306
2.85; 300
2.95; 248
3.05; 274
3.15; 235
3.25; 193
3.35; 187
3.45; 176
3.55; 180
3.65; 137
3.75; 118
3.85; 126
3.95; 103
4.05; 97
4.15; 101
4.25; 79
4.35; 93
4.45; 76
4.55; 79
4.65; 110
4.75; 187
4.85; 368
4.95; 773
5.05; 1516
5.15; 2652
5.25; 4078
5.35; 5722
5.45; 7247
5.55; 8329
5.65; 8666
5.75; 8051
5.85; 6946
5.95; 5614
6.05; 4170
6.15; 3046
6.25; 2045
6.35; 1382
6.45; 931
6.55; 533
6.65; 400
6.75; 237
6.85; 171
6.95; 87
7.05; 77
7.15; 43
7.25; 30
7.35; 34
7.45; 26
7.55; 33
7.65; 20
7.75; 20
7.85; 31
7.95; 25
8.05; 17
8.15; 21
8.25; 14
8.35; 16
8.45; 23
8.55; 12
8.65; 18
8.75; 18
8.85; 21
8.95; 8
9.05; 10
9.15; 12
9.25; 13
9.35; 16
9.45; 17
9.55; 11
9.65; 14
9.75; 15
9.85; 13
9.95; 13
10.05; 6
10.15; 13
10.25; 12
10.35; 8
10.45; 9
10.55; 13
10.65; 12
10.75; 13
10.85; 9
10.95; 9
11.05; 7
11.15; 9
11.25; 11
11.35; 10
11.45; 3
11.55; 8
11.65; 7
11.75; 7
11.85; 11
11.95; 11
12.05; 9
12.15; 7
12.25; 7
12.35; 8
12.45; 9
12.55; 7
12.65; 6
12.75; 6
12.85; 13
12.95; 12
13.05; 5
13.15; 5
13.25; 8
13.35; 11
13.45; 8
13.55; 9
13.65; 11
13.75; 5
13.85; 13
13.95; 4
14.05; 8
14.15; 12
14.25; 12
14.35; 13
14.45; 4
14.55; 5
14.65; 11
14.75; 2
14.85; 4
14.95; 5
15.05; 8
15.15; 12
15.25; 7
15.35; 10
15.45; 8
15.55; 10
15.65; 6
15.75; 5
15.85; 2
15.95; 9
16.05; 7
16.15; 7
16.25; 8
16.35; 6
16.45; 7
16.55; 8
16.65; 9
16.75; 4
16.85; 4
16.95; 5
17.05; 7
17.15; 4
17.25; 5
17.35; 7
17.45; 3
17.55; 4
17.65; 6
17.75; 6
17.85; 5
17.95; 6
18.05; 4
18.15; 4
18.25; 4
18.35; 0
18.45; 5
18.55; 6
18.65; 5
18.75; 4
18.85; 3
18.95; 3
19.05; 2
19.15; 6
19.25; 4
19.35; 1
19.45; 8
19.55; 4
19.65; 4
19.75; 3
19.85; 7
19.95; 2
20.05; 4
20.15; 3
20.25; 3
20.35; 2
20.45; 6
20.55; 6
20.65; 1
20.75; 5
20.85; 5
20.95; 3
21.05; 6
21.15; 6
21.25; 5
21.35; 5
21.45; 4
21.55; 2
21.65; 3
21.75; 4
21.85; 2
21.95; 9
22.05; 3
22.15; 1
22.25; 3
22.35; 1
22.45; 3
22.55; 5
22.65; 2
22.75; 3
22.85; 2
22.95; 6
23.05; 1
23.15; 4
23.25; 4
23.35; 3
23.45; 5
23.55; 1
23.65; 3
23.75; 3
23.85; 3
23.95; 3
24.05; 4
24.15; 3
24.25; 3
24.35; 2
24.45; 1
24.55; 2
24.65; 1
24.75; 2
24.85; 3
24.95; 7
25.05; 3
25.15; 2
25.25; 1
25.35; 6
25.45; 1
25.55; 5
25.65; 1
25.75; 4
25.85; 2
25.95; 1
26.05; 4
26.15; 4
26.25; 2
26.35; 1
26.45; 2
26.55; 3
26.65; 2
26.75; 3
26.85; 1
26.95; 3
27.05; 1
27.15; 0
27.25; 3
27.35; 2
27.45; 1
27.55; 1
27.65; 0
27.75; 2
27.85; 1
27.95; 0
28.05; 4
28.15; 3
28.25; 3
28.35; 4
28.45; 3
28.55; 1
28.65; 0
28.75; 2
28.85; 2
28.95; 1
29.05; 3
29.15; 4
29.25; 1
29.35; 2
29.45; 3
29.55; 2
29.65; 5
29.75; 2
29.85; 2
29.95; 3
30.05; 2
30.15; 2
30.25; 2
30.35; 5
30.45; 0
30.55; 0
30.65; 3
30.75; 1
30.85; 2
30.95; 2
31.05; 2
31.15; 0
31.25; 3
31.35; 0
31.45; 1
31.55; 2
31.65; 1
31.75; 1
31.85; 4
31.95; 1
32.05; 1
32.15; 0
32.25; 3
32.35; 2
32.45; 1
32.55; 1
32.65; 6
32.75; 0
32.85; 0
32.95; 0
33.05; 2
33.15; 3
33.25; 1
33.35; 2
33.45; 1
33.55; 1
33.65; 2
33.75; 0
33.85; 1
33.95; 3
34.05; 1
34.15; 3
34.25; 1
34.35; 4
34.45; 1
34.55; 3
34.65; 1
34.75; 1
34.85; 1
34.95; 0
35.05; 0
35.15; 3
35.25; 1
35.35; 0
35.45; 0
35.55; 1
35.65; 3
35.75; 2
35.85; 1
35.95; 1
36.05; 0
36.15; 0
36.25; 2
36.35; 2
36.45; 0
36.55; 2
36.65; 0
36.75; 3
36.85; 0
36.95; 2
37.05; 1
37.15; 1
37.25; 0
37.35; 2
37.45; 4
37.55; 6
37.65; 1
37.75; 1
37.85; 1
37.95; 0
38.05; 1
38.15; 2
38.25; 1
38.35; 1
38.45; 2
38.55; 2
38.65; 0
38.75; 0
38.85; 0
38.95; 1
39.05; 0
39.15; 0
39.25; 0
39.35; 1
39.45; 1
39.55; 0
39.65; 1
39.75; 1
39.85; 1
39.95; 1
40.05; 0
40.15; 2
40.25; 0
40.35; 0
40.45; 3
40.55; 1
40.65; 2
40.75; 2
40.85; 1
40.95; 1
41.05; 0
41.15; 0
41.25; 0
41.35; 1
41.45; 1
41.55; 1
41.65; 0
41.75; 1
41.85; 1
41.95; 0
42.05; 1
42.15; 4
42.25; 0
42.35; 1
42.45; 0
42.55; 0
42.65; 0
42.75; 2
42.85; 0
42.95; 1
43.05; 0
43.15; 0
43.25; 2
43.35; 3
43.45; 0
43.55; 1
43.65; 0
43.75; 1
43.85; 0
43.95; 0
44.05; 3
44.15; 2
44.25; 0
44.35; 1
44.45; 2
44.55; 0
44.65; 0
44.75; 2
44.85; 0
44.95; 3
45.05; 1
45.15; 0
45.25; 0
45.35; 1
45.45; 0
45.55; 0
45.65; 3
45.75; 0
45.85; 0
45.95; 1
46.05; 0
46.15; 2
46.25; 0
46.35; 1
46.45; 0
46.55; 0
46.65; 1
46.75; 0
46.85; 0
46.95; 1
47.05; 0
47.15; 2
47.25; 1
47.35; 1
47.45; 0
47.55; 0
47.65; 0
47.75; 2
47.85; 2
47.95; 0
48.05; 0
48.15; 1
48.25; 0
48.35; 0
48.45; 0
48.55; 0
48.65; 0
48.75; 1
48.85; 2
48.95; 1
49.05; 0
49.15; 2
49.25; 0
49.35; 0
49.45; 1
49.55; 1
49.65; 0
49.75; 0
49.85; 0
49.95; 0
50.05; 0
50.15; 0
50.25; 0
50.35; 1
50.45; 0
50.55; 2
50.65; 0
50.75; 0
50.85; 2
50.95; 0
51.05; 2
51.15; 0
51.25; 2
51.35; 0
51.45; 1
51.55; 0
51.65; 2
51.75; 0
51.85; 0
51.95; 0
52.05; 1
52.15; 0
52.25; 1
52.35; 1
52.45; 0
52.55; 0
52.65; 0
52.75; 0
52.85; 1
52.95; 1
53.05; 1
53.15; 0
53.25; 2
53.35; 0
53.45; 1
53.55; 0
53.65; 0
53.75; 0
53.85; 0
53.95; 0
54.05; 0
54.15; 0
54.25; 0
54.35; 1
54.45; 1
54.55; 0
54.65; 0
54.75; 0
54.85; 0
54.95; 0
55.05; 1
55.15; 1
55.25; 0
55.35; 0
55.45; 0
55.55; 0
55.65; 1
55.75; 0
55.85; 1
55.95; 0
56.05; 2
56.15; 0
56.25; 1
56.35; 0
56.45; 0
56.55; 1
56.65; 1
56.75; 1
56.85; 3
56.95; 1
57.05; 1
57.15; 0
57.25; 1
57.35; 0
57.45; 0
57.55; 0
57.65; 1
57.75; 0
57.85; 0
57.95; 0
58.05; 0
58.15; 2
58.25; 1
58.35; 0
58.45; 0
58.55; 3
58.65; 0
58.75; 0
58.85; 0
58.95; 0
59.05; 0
59.15; 0
59.25; 1
59.35; 0
59.45; 0
59.55; 0
59.65; 1
59.75; 2
59.85; 0
59.95; 0
60.05; 1
60.15; 1
60.25; 0
60.35; 0
60.45; 1
60.55; 1
60.65; 0
60.75; 0
60.85; 1
60.95; 0
61.05; 2
61.15; 0
61.25; 0
61.35; 0
61.45; 0
61.55; 1
61.65; 0
61.75; 0
61.85; 0
61.95; 0
62.05; 1
62.15; 0
62.25; 1
62.35; 0
62.45; 1
62.55; 0
62.65; 1
62.75; 0
62.85; 1
62.95; 1
63.05; 0
63.15; 1
63.25; 0
63.35; 0
63.45; 0
63.55; 1
63.65; 1
63.75; 0
63.85; 1
63.95; 0
64.05; 0
64.15; 1
64.25; 0
64.35; 0
64.45; 0
64.55; 0
64.65; 0
64.75; 2
64.85; 0
64.95; 0
65.05; 0
65.15; 0
65.25; 0
65.35; 0
65.45; 0
65.55; 2
65.65; 1
65.75; 2
65.85; 0
65.95; 1
66.05; 0
66.15; 0
66.25; 0
66.35; 0
66.45; 2
66.55; 0
66.65; 0
66.75; 0
66.85; 0
66.95; 1
67.05; 1
67.15; 0
67.25; 0
67.35; 1
67.45; 1
67.55; 0
67.65; 0
67.75; 0
67.85; 1
67.95; 0
68.05; 0
68.15; 0
68.25; 4
68.35; 0
68.45; 1
68.55; 1
68.65; 0
68.75; 1
68.85; 0
68.95; 0
69.05; 0
69.15; 1
69.25; 1
69.35; 0
69.45; 2
69.55; 1
69.65; 1
69.75; 0
69.85; 0
69.95; 0
70.05; 0
70.15; 0
70.25; 0
70.35; 2
70.45; 0
70.55; 1
70.65; 0
70.75; 0
70.85; 0
70.95; 0
71.05; 0
71.15; 0
71.25; 0
71.35; 0
71.45; 0
71.55; 0
71.65; 0
71.75; 0
71.85; 0
71.95; 1
72.05; 1
72.15; 1
72.25; 0
72.35; 0
72.45; 0
72.55; 1
72.65; 0
72.75; 0
72.85; 0
72.95; 1
73.05; 0
73.15; 0
73.25; 2
73.35; 0
73.45; 0
73.55; 0
73.65; 0
73.75; 0
73.85; 0
73.95; 0
74.05; 0
74.15; 0
74.25; 0
74.35; 1
74.45; 0
74.55; 0
74.65; 0
74.75; 0
74.85; 0
74.95; 1
75.05; 0
75.15; 0
75.25; 0
75.35; 0
75.45; 0
75.55; 0
75.65; 0
75.75; 0
75.85; 0
75.95; 0
76.05; 0
76.15; 0
76.25; 0
76.35; 0
76.45; 1
76.55; 0
76.65; 0
76.75; 0
76.85; 0
76.95; 0
77.05; 0
77.15; 0
77.25; 0
77.35; 0
77.45; 0
77.55; 1
77.65; 0
77.75; 1
77.85; 0
77.95; 1
78.05; 0
78.15; 0
78.25; 1
78.35; 1
78.45; 0
78.55; 0
78.65; 0
78.75; 0
78.85; 1
78.95; 1
79.05; 0
79.15; 0
79.25; 0
79.35; 0
79.45; 0
79.55; 0
79.65; 0
79.75; 0
79.85; 0
79.95; 0
80.05; 0
80.15; 0
80.25; 0
80.35; 0
80.45; 0
80.55; 0
80.65; 0
80.75; 0
80.85; 0
80.95; 0
81.05; 0
81.15; 0
81.25; 0
81.35; 0
81.45; 0
81.55; 0
81.65; 0
81.75; 0
81.85; 0
81.95; 0
82.05; 0
82.15; 0
82.25; 0
82.35; 0
82.45; 0
82.55; 0
82.65; 0
82.75; 0
82.85; 0
82.95; 0
83.05; 0
83.15; 0
83.25; 0
83.35; 0
83.45; 0
83.55; 0
83.65; 1
83.75; 0
83.85; 0
83.95; 1
84.05; 1
84.15; 0
84.25; 0
84.35; 0
84.45; 1
84.55; 0
84.65; 0
84.75; 0
84.85; 0
84.95; 0
85.05; 1
85.15; 0
85.25; 0
85.35; 0
85.45; 0
85.55; 0
85.65; 0
85.75; 1
85.85; 0
85.95; 0
86.05; 0
86.15; 0
86.25; 0
86.35; 0
86.45; 0
86.55; 0
86.65; 0
86.75; 0
86.85; 0
86.95; 0
87.05; 0
87.15; 0
87.25; 0
87.35; 0
87.45; 0
87.55; 0
87.65; 0
87.75; 0
87.85; 0
87.95; 0
88.05; 0
88.15; 0
88.25; 0
88.35; 0
88.45; 0
88.55; 1
88.65; 0
88.75; 0
88.85; 0
88.95; 0
89.05; 0
89.15; 0
89.25; 0
89.35; 0
89.45; 2
89.55; 0
89.65; 0
89.75; 1
89.85; 0
89.95; 1
90.05; 1
90.15; 0
90.25; 0
90.35; 0
90.45; 0
90.55; 0
90.65; 0
90.75; 0
90.85; 0
90.95; 0
91.05; 0
91.15; 0
91.25; 0
91.35; 0
91.45; 0
91.55; 0
91.65; 0
91.75; 0
91.85; 0
91.95; 0
92.05; 0
92.15; 0
92.25; 1
92.35; 0
92.45; 0
92.55; 0
92.65; 0
92.75; 0
92.85; 0
92.95; 0
93.05; 0
93.15; 1
93.25; 0
93.35; 0
93.45; 0
93.55; 0
93.65; 0
93.75; 0
93.85; 0
93.95; 0
94.05; 0
94.15; 0
94.25; 0
94.35; 0
94.45; 0
94.55; 0
94.65; 0
94.75; 0
94.85; 0
94.95; 0
95.05; 0
95.15; 0
95.25; 0
95.35; 0
95.45; 0
95.55; 0
95.65; 0
95.75; 0
95.85; 1
95.95; 0
96.05; 0
96.15; 0
96.25; 0
96.35; 0
96.45; 0
96.55; 0
96.65; 1
96.75; 0
96.85; 0
96.95; 0
97.05; 0
97.15; 0
97.25; 0
97.35; 0
97.45; 0
97.55; 0
97.65; 0
97.75; 0
97.85; 0
97.95; 0
98.05; 0
98.15; 0
98.25; 0
98.35; 1
98.45; 0
98.55; 0
98.65; 0
98.75; 0
98.85; 0
98.95; 0
99.05; 0
99.15; 0
99.25; 0
99.35; 1
99.45; 0
99.55; 0
99.65; 0
99.75; 1
99.85; 0
