0.025; 7
0.075; 10
0.125; 6
0.175; 11
0.225; 13
0.275; 15
0.325; 4
0.375; 7
0.425; 7
0.475; 5
0.525; 5
0.575; 10
0.625; 10
0.675; 1
0.725; 4
0.775; 3
0.825; 6
0.875; 3
0.925; 4
0.975; 12
1.025; 6
1.075; 8
1.125; 9
1.175; 7
1.225; 9
1.275; 7
1.325; 5
1.375; 12
1.425; 10
1.475; 6
1.525; 14
1.575; 8
1.625; 8
1.675; 8
1.725; 12
1.775; 12
1.825; 11
1.875; 11
1.925; 7
1.975; 9
2.025; 10
2.075; 12
2.125; 6
2.175; 9
2.225; 4
2.275; 9
2.325; 7
2.375; 6
2.425; 11
2.475; 15
2.525; 7
2.575; 10
2.625; 4
2.675; 8
2.725; 9
2.775; 9
2.825; 8
2.875; 11
2.925; 11
2.975; 6
3.025; 6
3.075; 8
3.125; 12
3.175; 8
3.225; 12
3.275; 10
3.325; 6
3.375; 7
3.425; 8
3.475; 5
3.525; 5
3.575; 4
3.625; 7
3.675; 9
3.725; 11
3.775; 10
3.825; 7
3.875; 7
3.925; 3
3.975; 6
4.025; 5
4.075; 7
4.125; 2
4.175; 6
4.225; 7
4.275; 6
4.325; 5
4.375; 8
4.425; 5
4.475; 2
4.525; 6
4.575; 7
4.625; 7
4.675; 6
4.725; 8
4.775; 5
4.825; 4
4.875; 4
4.925; 6
4.975; 7
5.025; 7
5.075; 11
5.125; 4
5.175; 4
5.225; 2
5.275; 5
5.325; 7
5.375; 6
5.425; 6
5.475; 2
5.525; 4
5.575; 4
5.625; 3
5.675; 5
5.725; 2
5.775; 4
5.825; 5
5.875; 5
5.925; 6
5.975; 5
6.025; 7
6.075; 6
6.125; 6
6.175; 3
6.225; 10
6.275; 3
6.325; 5
6.375; 13
6.425; 4
6.475; 7
6.525; 9
6.575; 10
6.625; 13
6.675; 18
6.725; 12
6.775; 14
6.825; 14
6.875; 13
6.925; 10
6.975; 12
7.025; 23
7.075; 13
7.125; 16
7.175; 21
7.225; 23
7.275; 22
7.325; 31
7.375; 29
7.425; 24
7.475; 29
7.525; 34
7.575; 34
7.625; 29
7.675; 38
7.725; 41
7.775; 47
7.825; 38
7.875; 56
7.925; 42
7.975; 49
8.025; 33
8.075; 58
8.125; 47
8.175; 53
8.225; 44
8.275; 48
8.325; 57
8.375; 53
8.425; 47
8.475; 39
8.525; 48
8.575; 36
8.625; 49
8.675; 40
8.725; 51
8.775; 41
8.825; 34
8.875; 46
8.925; 41
8.975; 49
9.025; 30
9.075; 38
9.125; 35
9.175; 32
9.225; 26
9.275; 31
9.325; 26
9.375; 22
9.425; 20
9.475; 37
9.525; 28
9.575; 26
9.625; 22
9.675; 19
9.725; 23
9.775; 27
9.825; 25
9.875; 27
9.925; 20
9.975; 20
10.025; 23
10.075; 23
10.125; 19
10.175; 25
10.225; 18
10.275; 27
10.325; 10
10.375; 18
10.425; 24
10.475; 13
10.525; 19
10.575; 15
10.625; 10
10.675; 16
10.725; 16
10.775; 13
10.825; 13
10.875; 11
10.925; 13
10.975; 12
11.025; 13
11.075; 14
11.125; 8
11.175; 15
11.225; 4
11.275; 10
11.325; 8
11.375; 11
11.425; 13
11.475; 10
11.525; 10
11.575; 4
11.625; 9
11.675; 8
11.725; 17
11.775; 11
11.825; 9
11.875; 5
11.925; 9
11.975; 11
12.025; 6
12.075; 5
12.125; 7
12.175; 5
12.225; 6
12.275; 4
12.325; 4
12.375; 3
12.425; 7
12.475; 5
12.525; 4
12.575; 5
12.625; 5
12.675; 5
12.725; 3
12.775; 5
12.825; 6
12.875; 5
12.925; 5
12.975; 2
13.025; 5
13.075; 9
13.125; 4
13.175; 1
13.225; 5
13.275; 4
13.325; 5
13.375; 4
13.425; 2
13.475; 1
13.525; 5
13.575; 2
13.625; 3
13.675; 0
13.725; 5
13.775; 1
13.825; 6
13.875; 4
13.925; 4
13.975; 0
14.025; 2
14.075; 1
14.125; 1
14.175; 3
14.225; 1
14.275; 3
14.325; 1
14.375; 0
14.425; 1
14.475; 2
14.525; 1
14.575; 1
14.625; 6
14.675; 5
14.725; 2
14.775; 2
14.825; 2
14.875; 1
14.925; 0
14.975; 1
15.025; 4
15.075; 6
15.125; 3
15.175; 3
15.225; 1
15.275; 2
15.325; 2
15.375; 0
15.425; 2
15.475; 1
15.525; 2
15.575; 1
15.625; 0
15.675; 5
15.725; 2
15.775; 1
15.825; 2
15.875; 2
15.925; 3
15.975; 1
16.025; 1
16.075; 3
16.125; 0
16.175; 1
16.225; 2
16.275; 2
16.325; 1
16.375; 4
16.425; 2
16.475; 1
16.525; 1
16.575; 1
16.625; 0
16.675; 1
16.725; 1
16.775; 1
16.825; 2
16.875; 0
16.925; 1
16.975; 1
17.025; 1
17.075; 0
17.125; 0
17.175; 0
17.225; 0
17.275; 1
17.325; 1
17.375; 1
17.425; 0
17.475; 2
17.525; 2
17.575; 0
17.625; 1
17.675; 1
17.725; 2
17.775; 1
17.825; 0
17.875; 1
17.925; 1
17.975; 1
18.025; 1
18.075; 0
18.125; 0
18.175; 2
18.225; 1
18.275; 0
18.325; 1
18.375; 1
18.425; 1
18.475; 1
18.525; 0
18.575; 0
18.625; 1
18.675; 0
18.725; 1
18.775; 0
18.825; 0
18.875; 1
18.925; 1
18.975; 0
19.025; 0
19.075; 0
19.125; 0
19.175; 1
19.225; 1
19.275; 0
19.325; 1
19.375; 0
19.425; 0
19.475; 1
19.525; 1
19.575; 0
19.625; 0
19.675; 0
19.725; 1
19.775; 0
19.825; 0
19.875; 0
19.925; 0
19.975; 0
20.025; 0
20.075; 1
20.125; 0
20.175; 1
20.225; 0
20.275; 0
20.325; 1
20.375; 0
20.425; 0
20.475; 0
20.525; 1
20.575; 0
20.625; 0
20.675; 1
20.725; 0
20.775; 1
20.825; 1
20.875; 0
20.925; 1
20.975; 0
21.025; 1
21.075; 0
21.125; 0
21.175; 0
21.225; 0
21.275; 0
21.325; 0
21.375; 1
21.425; 1
21.475; 0
21.525; 0
21.575; 0
21.625; 0
21.675; 0
21.725; 0
21.775; 1
21.825; 0
21.875; 0
21.925; 0
21.975; 0
22.025; 0
22.075; 1
22.125; 0
22.175; 0
22.225; 2
22.275; 1
22.325; 1
22.375; 0
22.425; 0
22.475; 0
22.525; 0
22.575; 0
22.625; 0
22.675; 0
22.725; 0
22.775; 0
22.825; 0
22.875; 0
22.925; 0
22.975; 0
23.025; 0
23.075; 0
23.125; 1
23.175; 0
23.225; 1
23.275; 0
23.325; 0
23.375; 0
23.425; 0
23.475; 0
23.525; 2
23.575; 0
23.625; 0
23.675; 0
23.725; 0
23.775; 0
23.825; 0
23.875; 0
23.925; 0
23.975; 1
24.025; 0
24.075; 0
24.125; 0
24.175; 0
24.225; 1
24.275; 1
24.325; 0
24.375; 0
24.425; 0
24.475; 0
24.525; 0
24.575; 1
24.625; 0
24.675; 1
24.725; 0
24.775; 0
24.825; 0
24.875; 1
24.925; 0
24.975; 0
25.025; 0
25.075; 0
25.125; 0
25.175; 0
25.225; 0
25.275; 0
25.325; 0
25.375; 1
25.425; 0
25.475; 0
25.525; 0
25.575; 0
25.625; 0
25.675; 0
25.725; 1
25.775; 0
25.825; 0
25.875; 0
25.925; 0
25.975; 0
26.025; 0
26.075; 1
26.125; 0
26.175; 0
26.225; 0
26.275; 0
26.325; 0
26.375; 0
26.425; 0
26.475; 0
26.525; 0
26.575; 0
26.625; 0
26.675; 0
26.725; 1
26.775; 0
26.825; 0
26.875; 0
26.925; 0
26.975; 0
27.025; 0
27.075; 0
27.125; 0
27.175; 0
27.225; 0
27.275; 0
27.325; 1
27.375; 0
27.425; 0
27.475; 0
27.525; 0
27.575; 0
27.625; 0
27.675; 0
27.725; 0
27.775; 0
27.825; 0
27.875; 0
27.925; 0
27.975; 0
28.025; 1
28.075; 0
28.125; 0
28.175; 0
28.225; 0
28.275; 0
28.325; 1
28.375; 0
28.425; 0
28.475; 0
28.525; 0
28.575; 0
28.625; 0
28.675; 0
28.725; 0
28.775; 0
28.825; 0
28.875; 0
28.925; 0
28.975; 0
29.025; 0
29.075; 0
29.125; 0
29.175; 0
29.225; 0
29.275; 0
29.325; 0
29.375; 0
29.425; 0
29.475; 0
29.525; 0
29.575; 0
29.625; 0
29.675; 0
29.725; 0
29.775; 0
29.825; 0
29.875; 0
29.925; 0
29.975; 0
30.025; 1
30.075; 0
30.125; 0
30.175; 0
30.225; 0
30.275; 0
30.325; 0
30.375; 0
30.425; 0
30.475; 0
30.525; 1
30.575; 0
30.625; 0
30.675; 0
30.725; 0
30.775; 0
30.825; 0
30.875; 0
30.925; 0
30.975; 0
31.025; 0
31.075; 0
31.125; 0
31.175; 0
31.225; 0
31.275; 0
31.325; 0
31.375; 0
31.425; 0
31.475; 0
31.525; 0
31.575; 0
31.625; 0
31.675; 1
31.725; 0
31.775; 1
31.825; 0
31.875; 0
31.925; 0
31.975; 0
32.025; 0
32.075; 0
32.125; 0
32.175; 0
32.225; 0
32.275; 0
32.325; 0
32.375; 0
32.425; 0
32.475; 0
32.525; 0
32.575; 0
32.625; 0
32.675; 0
32.725; 0
32.775; 0
32.825; 0
32.875; 0
32.925; 0
32.975; 0
33.025; 0
33.075; 0
33.125; 0
33.175; 1
33.225; 0
33.275; 0
33.325; 0
33.375; 0
33.425; 0
33.475; 0
33.525; 0
33.575; 0
33.625; 0
33.675; 0
33.725; 0
33.775; 0
33.825; 0
33.875; 0
33.925; 0
33.975; 0
34.025; 0
34.075; 0
34.125; 0
34.175; 0
34.225; 0
34.275; 0
34.325; 0
34.375; 0
34.425; 0
34.475; 0
34.525; 0
34.575; 0
34.625; 0
34.675; 0
34.725; 0
34.775; 0
34.825; 0
34.875; 0
34.925; 0
34.975; 0
35.025; 0
35.075; 0
35.125; 0
35.175; 0
35.225; 0
35.275; 1
35.325; 0
35.375; 0
35.425; 0
35.475; 0
35.525; 0
35.575; 1
35.625; 0
35.675; 0
35.725; 0
35.775; 0
35.825; 0
35.875; 0
35.925; 0
35.975; 0
36.025; 0
36.075; 0
36.125; 0
36.175; 0
36.225; 0
36.275; 0
36.325; 0
36.375; 0
36.425; 0
36.475; 0
36.525; 0
36.575; 0
36.625; 0
36.675; 0
36.725; 0
36.775; 0
36.825; 0
36.875; 0
36.925; 0
36.975; 0
37.025; 0
37.075; 0
37.125; 0
37.175; 0
37.225; 0
37.275; 0
37.325; 1
37.375; 0
37.425; 0
37.475; 0
37.525; 0
37.575; 0
37.625; 0
37.675; 0
37.725; 0
37.775; 0
37.825; 0
37.875; 0
37.925; 0
37.975; 0
38.025; 0
38.075; 1
38.125; 0
38.175; 0
38.225; 0
38.275; 0
38.325; 0
38.375; 0
38.425; 0
38.475; 0
38.525; 0
38.575; 0
38.625; 0
38.675; 0
38.725; 0
38.775; 0
38.825; 0
38.875; 0
38.925; 0
38.975; 0
39.025; 0
39.075; 0
39.125; 0
39.175; 0
39.225; 0
39.275; 0
39.325; 0
39.375; 0
39.425; 0
39.475; 0
39.525; 0
39.575; 0
39.625; 0
39.675; 0
39.725; 0
39.775; 0
39.825; 0
39.875; 0
39.925; 0
39.975; 0
40.025; 0
40.075; 0
40.125; 0
40.175; 0
40.225; 0
40.275; 0
40.325; 0
40.375; 0
40.425; 0
40.475; 0
40.525; 0
40.575; 1
40.625; 0
40.675; 0
40.725; 0
40.775; 0
40.825; 0
40.875; 0
40.925; 0
40.975; 0
41.025; 0
41.075; 0
41.125; 0
41.175; 0
41.225; 0
41.275; 0
41.325; 0
41.375; 0
41.425; 0
41.475; 0
41.525; 0
41.575; 0
41.625; 0
41.675; 0
41.725; 0
41.775; 0
41.825; 0
41.875; 0
41.925; 0
41.975; 0
42.025; 0
42.075; 0
42.125; 0
42.175; 0
42.225; 0
42.275; 0
42.325; 0
42.375; 0
42.425; 1
42.475; 0
42.525; 0
42.575; 0
42.625; 0
42.675; 0
42.725; 0
42.775; 0
42.825; 0
42.875; 0
42.925; 0
42.975; 0
43.025; 0
43.075; 0
43.125; 0
43.175; 0
43.225; 0
43.275; 0
43.325; 0
43.375; 0
43.425; 0
43.475; 1
43.525; 0
43.575; 0
43.625; 0
43.675; 0
43.725; 0
43.775; 0
43.825; 0
43.875; 0
43.925; 0
43.975; 0
44.025; 0
44.075; 0
44.125; 0
44.175; 0
44.225; 0
44.275; 0
44.325; 0
44.375; 0
44.425; 0
44.475; 0
44.525; 0
44.575; 0
44.625; 0
44.675; 0
44.725; 0
44.775; 0
44.825; 0
44.875; 0
44.925; 0
44.975; 0
45.025; 0
45.075; 0
45.125; 0
45.175; 0
45.225; 0
45.275; 0
45.325; 0
45.375; 0
45.425; 0
45.475; 0
45.525; 0
45.575; 0
45.625; 0
45.675; 0
45.725; 0
45.775; 0
45.825; 0
45.875; 0
45.925; 0
45.975; 0
46.025; 0
46.075; 0
46.125; 0
46.175; 0
46.225; 0
46.275; 0
46.325; 0
46.375; 0
46.425; 0
46.475; 0
46.525; 0
46.575; 0
46.625; 0
46.675; 0
46.725; 0
46.775; 0
46.825; 0
46.875; 0
46.925; 0
46.975; 1
47.025; 0
47.075; 0
47.125; 0
47.175; 0
47.225; 0
47.275; 0
47.325; 0
47.375; 0
47.425; 0
47.475; 0
47.525; 0
47.575; 0
47.625; 0
47.675; 1
47.725; 0
47.775; 0
47.825; 0
47.875; 0
47.925; 0
47.975; 0
48.025; 0
48.075; 0
48.125; 0
48.175; 0
48.225; 0
48.275; 0
48.325; 0
48.375; 0
48.425; 0
48.475; 0
48.525; 0
48.575; 1
48.625; 0
48.675; 0
48.725; 0
48.775; 0
48.825; 0
48.875; 0
48.925; 0
48.975; 0
49.025; 0
49.075; 0
49.125; 0
49.175; 0
49.225; 0
49.275; 0
49.325; 0
49.375; 0
49.425; 0
49.475; 1
49.525; 0
49.575; 0
49.625; 0
49.675; 0
49.725; 0
49.775; 0
49.825; 0
49.875; 0
49.925; 0
