0.025; 73
0.075; 53
0.125; 31
0.175; 30
0.225; 37
0.275; 36
0.325; 39
0.375; 21
0.425; 22
0.475; 16
0.525; 18
0.575; 22
0.625; 20
0.675; 11
0.725; 14
0.775; 8
0.825; 16
0.875; 20
0.925; 19
0.975; 50
1.025; 46
1.075; 46
1.125; 69
1.175; 65
1.225; 106
1.275; 74
1.325; 96
1.375; 79
1.425; 106
1.475; 128
1.525; 114
1.575; 133
1.625; 130
1.675; 134
1.725; 126
1.775; 112
1.825; 130
1.875; 110
1.925; 108
1.975; 120
2.025; 105
2.075; 99
2.125; 87
2.175; 76
2.225; 91
2.275; 77
2.325; 73
2.375; 76
2.425; 75
2.475; 72
2.525; 73
2.575; 79
2.625; 75
2.675; 77
2.725; 73
2.775; 59
2.825; 66
2.875; 74
2.925; 78
2.975; 54
3.025; 68
3.075; 59
3.125; 65
3.175; 64
3.225; 60
3.275; 55
3.325; 51
3.375; 47
3.425; 45
3.475; 49
3.525; 35
3.575; 40
3.625; 40
3.675; 39
3.725; 35
3.775; 34
3.825; 36
3.875; 39
3.925; 36
3.975; 28
4.025; 31
4.075; 24
4.125; 22
4.175; 38
4.225; 23
4.275; 20
4.325; 22
4.375; 26
4.425; 14
4.475; 32
4.525; 25
4.575; 20
4.625; 24
4.675; 21
4.725; 21
4.775; 19
4.825; 21
4.875; 15
4.925; 18
4.975; 19
5.025; 19
5.075; 17
5.125; 25
5.175; 14
5.225; 20
5.275; 18
5.325; 21
5.375; 20
5.425; 14
5.475; 13
5.525; 10
5.575; 11
5.625; 14
5.675; 18
5.725; 13
5.775; 10
5.825; 12
5.875; 12
5.925; 11
5.975; 12
6.025; 14
6.075; 13
6.125; 16
6.175; 5
6.225; 7
6.275; 11
6.325; 12
6.375; 6
6.425; 9
6.475; 12
6.525; 9
6.575; 7
6.625; 14
6.675; 6
6.725; 10
6.775; 13
6.825; 11
6.875; 10
6.925; 14
6.975; 10
7.025; 8
7.075; 8
7.125; 9
7.175; 4
7.225; 11
7.275; 12
7.325; 9
7.375; 18
7.425; 6
7.475; 7
7.525; 8
7.575; 4
7.625; 8
7.675; 4
7.725; 4
7.775; 1
7.825; 1
7.875; 7
7.925; 6
7.975; 10
8.025; 7
8.075; 5
8.125; 3
8.175; 2
8.225; 4
8.275; 2
8.325; 9
8.375; 0
8.425; 4
8.475; 2
8.525; 5
8.575; 5
8.625; 7
8.675; 6
8.725; 3
8.775; 4
8.825; 4
8.875; 0
8.925; 3
8.975; 5
9.025; 6
9.075; 3
9.125; 5
9.175; 4
9.225; 4
9.275; 9
9.325; 3
9.375; 6
9.425; 4
9.475; 2
9.525; 3
9.575; 3
9.625; 1
9.675; 1
9.725; 0
9.775; 2
9.825; 4
9.875; 4
9.925; 4
9.975; 2
10.025; 3
10.075; 4
10.125; 2
10.175; 4
10.225; 4
10.275; 2
10.325; 3
10.375; 5
10.425; 1
10.475; 1
10.525; 2
10.575; 2
10.625; 2
10.675; 4
10.725; 3
10.775; 3
10.825; 1
10.875; 2
10.925; 3
10.975; 1
11.025; 1
11.075; 2
11.125; 4
11.175; 6
11.225; 3
11.275; 1
11.325; 5
11.375; 1
11.425; 2
11.475; 3
11.525; 2
11.575; 2
11.625; 4
11.675; 3
11.725; 1
11.775; 2
11.825; 3
11.875; 1
11.925; 5
11.975; 1
12.025; 5
12.075; 3
12.125; 1
12.175; 4
12.225; 4
12.275; 2
12.325; 3
12.375; 1
12.425; 5
12.475; 2
12.525; 2
12.575; 4
12.625; 0
12.675; 3
12.725; 1
12.775; 1
12.825; 0
12.875; 2
12.925; 0
12.975; 2
13.025; 0
13.075; 2
13.125; 0
13.175; 4
13.225; 2
13.275; 2
13.325; 2
13.375; 2
13.425; 1
13.475; 3
13.525; 0
13.575; 0
13.625; 1
13.675; 1
13.725; 0
13.775; 1
13.825; 1
13.875; 2
13.925; 4
13.975; 1
14.025; 0
14.075; 2
14.125; 0
14.175; 2
14.225; 1
14.275; 5
14.325; 0
14.375; 2
14.425; 2
14.475; 1
14.525; 2
14.575; 1
14.625; 2
14.675; 2
14.725; 3
14.775; 1
14.825; 1
14.875; 2
14.925; 1
14.975; 3
15.025; 4
15.075; 3
15.125; 1
15.175; 1
15.225; 1
15.275; 2
15.325; 2
15.375; 0
15.425; 0
15.475; 2
15.525; 2
15.575; 0
15.625; 3
15.675; 0
15.725; 2
15.775; 2
15.825; 2
15.875; 1
15.925; 0
15.975; 1
16.025; 0
16.075; 1
16.125; 0
16.175; 1
16.225; 2
16.275; 0
16.325; 1
16.375; 0
16.425; 2
16.475; 3
16.525; 1
16.575; 0
16.625; 1
16.675; 0
16.725; 2
16.775; 0
16.825; 1
16.875; 1
16.925; 0
16.975; 0
17.025; 0
17.075; 2
17.125; 2
17.175; 3
17.225; 1
17.275; 4
17.325; 0
17.375; 4
17.425; 2
17.475; 0
17.525; 2
17.575; 1
17.625; 1
17.675; 0
17.725; 0
17.775; 0
17.825; 1
17.875; 0
17.925; 1
17.975; 1
18.025; 0
18.075; 0
18.125; 1
18.175; 2
18.225; 0
18.275; 1
18.325; 0
18.375; 0
18.425; 0
18.475; 1
18.525; 1
18.575; 0
18.625; 0
18.675; 1
18.725; 2
18.775; 0
18.825; 1
18.875; 0
18.925; 0
18.975; 1
19.025; 1
19.075; 0
19.125; 0
19.175; 0
19.225; 0
19.275; 0
19.325; 0
19.375; 0
19.425; 1
19.475; 0
19.525; 0
19.575; 0
19.625; 1
19.675; 0
19.725; 0
19.775; 0
19.825; 0
19.875; 0
19.925; 0
19.975; 0
20.025; 0
20.075; 0
20.125; 0
20.175; 0
20.225; 0
20.275; 1
20.325; 0
20.375; 1
20.425; 1
20.475; 0
20.525; 0
20.575; 0
20.625; 0
20.675; 0
20.725; 0
20.775; 0
20.825; 1
20.875; 0
20.925; 1
20.975; 0
21.025; 0
21.075; 0
21.125; 0
21.175; 0
21.225; 0
21.275; 0
21.325; 0
21.375; 0
21.425; 0
21.475; 0
21.525; 0
21.575; 0
21.625; 0
21.675; 0
21.725; 0
21.775; 0
21.825; 0
21.875; 0
21.925; 0
21.975; 0
22.025; 0
22.075; 0
22.125; 0
22.175; 0
22.225; 0
22.275; 0
22.325; 1
22.375; 1
22.425; 0
22.475; 1
22.525; 0
22.575; 0
22.625; 0
22.675; 0
22.725; 1
22.775; 0
22.825; 0
22.875; 0
22.925; 0
22.975; 0
23.025; 0
23.075; 1
23.125; 0
23.175; 0
23.225; 0
23.275; 1
23.325; 1
23.375; 0
23.425; 0
23.475; 0
23.525; 0
23.575; 0
23.625; 1
23.675; 0
23.725; 1
23.775; 0
23.825; 0
23.875; 0
23.925; 0
23.975; 0
24.025; 0
24.075; 0
24.125; 0
24.175; 0
24.225; 0
24.275; 0
24.325; 0
24.375; 0
24.425; 0
24.475; 0
24.525; 2
24.575; 0
24.625; 0
24.675; 0
24.725; 1
24.775; 0
24.825; 1
24.875; 0
24.925; 0
24.975; 0
25.025; 0
25.075; 0
25.125; 0
25.175; 0
25.225; 0
25.275; 0
25.325; 0
25.375; 0
25.425; 0
25.475; 0
25.525; 0
25.575; 1
25.625; 0
25.675; 0
25.725; 0
25.775; 0
25.825; 0
25.875; 0
25.925; 0
25.975; 0
26.025; 0
26.075; 0
26.125; 0
26.175; 0
26.225; 1
26.275; 0
26.325; 1
26.375; 0
26.425; 0
26.475; 0
26.525; 0
26.575; 0
26.625; 0
26.675; 1
26.725; 0
26.775; 0
26.825; 0
26.875; 0
26.925; 0
26.975; 0
27.025; 0
27.075; 0
27.125; 0
27.175; 0
27.225; 0
27.275; 0
27.325; 0
27.375; 0
27.425; 0
27.475; 0
27.525; 0
27.575; 0
27.625; 0
27.675; 0
27.725; 0
27.775; 0
27.825; 0
27.875; 0
27.925; 0
27.975; 0
28.025; 0
28.075; 0
28.125; 0
28.175; 0
28.225; 0
28.275; 0
28.325; 0
28.375; 0
28.425; 0
28.475; 0
28.525; 0
28.575; 0
28.625; 0
28.675; 0
28.725; 0
28.775; 0
28.825; 0
28.875; 0
28.925; 1
28.975; 0
29.025; 0
29.075; 0
29.125; 0
29.175; 0
29.225; 0
29.275; 0
29.325; 0
29.375; 0
29.425; 0
29.475; 0
29.525; 0
29.575; 0
29.625; 0
29.675; 0
29.725; 0
29.775; 0
29.825; 0
29.875; 0
29.925; 0
29.975; 0
30.025; 0
30.075; 0
30.125; 0
30.175; 1
30.225; 0
30.275; 0
30.325; 0
30.375; 0
30.425; 0
30.475; 0
30.525; 0
30.575; 0
30.625; 0
30.675; 0
30.725; 0
30.775; 1
30.825; 0
30.875; 0
30.925; 0
30.975; 0
31.025; 0
31.075; 0
31.125; 0
31.175; 0
31.225; 0
31.275; 0
31.325; 0
31.375; 0
31.425; 0
31.475; 0
31.525; 0
31.575; 0
31.625; 0
31.675; 0
31.725; 0
31.775; 0
31.825; 0
31.875; 0
31.925; 0
31.975; 0
32.025; 0
32.075; 0
32.125; 0
32.175; 0
32.225; 0
32.275; 0
32.325; 0
32.375; 0
32.425; 0
32.475; 0
32.525; 0
32.575; 0
32.625; 0
32.675; 0
32.725; 0
32.775; 0
32.825; 0
32.875; 0
32.925; 0
32.975; 0
33.025; 0
33.075; 0
33.125; 0
33.175; 0
33.225; 0
33.275; 0
33.325; 0
33.375; 0
33.425; 0
33.475; 0
33.525; 0
33.575; 0
33.625; 0
33.675; 0
33.725; 1
33.775; 0
33.825; 0
33.875; 0
33.925; 0
33.975; 0
34.025; 0
34.075; 0
34.125; 0
34.175; 0
34.225; 0
34.275; 0
34.325; 1
34.375; 0
34.425; 0
34.475; 0
34.525; 0
34.575; 0
34.625; 0
34.675; 0
34.725; 0
34.775; 0
34.825; 0
34.875; 0
34.925; 0
34.975; 0
35.025; 0
35.075; 0
35.125; 0
35.175; 0
35.225; 0
35.275; 0
35.325; 0
35.375; 0
35.425; 0
35.475; 0
35.525; 0
35.575; 0
35.625; 0
35.675; 0
35.725; 0
35.775; 0
35.825; 0
35.875; 0
35.925; 0
35.975; 0
36.025; 0
36.075; 0
36.125; 0
36.175; 0
36.225; 0
36.275; 0
36.325; 0
36.375; 0
36.425; 0
36.475; 0
36.525; 0
36.575; 0
36.625; 0
36.675; 0
36.725; 0
36.775; 0
36.825; 0
36.875; 0
36.925; 0
36.975; 0
37.025; 0
37.075; 0
37.125; 0
37.175; 0
37.225; 0
37.275; 0
37.325; 0
37.375; 0
37.425; 0
37.475; 0
37.525; 0
37.575; 0
37.625; 0
37.675; 0
37.725; 0
37.775; 0
37.825; 0
37.875; 0
37.925; 0
37.975; 0
38.025; 0
38.075; 0
38.125; 0
38.175; 0
38.225; 0
38.275; 0
38.325; 0
38.375; 0
38.425; 0
38.475; 0
38.525; 0
38.575; 0
38.625; 0
38.675; 0
38.725; 0
38.775; 0
38.825; 0
38.875; 0
38.925; 0
38.975; 0
39.025; 0
39.075; 0
39.125; 0
39.175; 0
39.225; 0
39.275; 0
39.325; 0
39.375; 0
39.425; 0
39.475; 0
39.525; 0
39.575; 0
39.625; 0
39.675; 0
39.725; 0
39.775; 0
39.825; 0
39.875; 0
39.925; 0
39.975; 0
40.025; 0
40.075; 0
40.125; 0
40.175; 0
40.225; 0
40.275; 0
40.325; 0
40.375; 0
40.425; 0
40.475; 0
40.525; 0
40.575; 0
40.625; 0
40.675; 0
40.725; 0
40.775; 0
40.825; 0
40.875; 0
40.925; 0
40.975; 0
41.025; 0
41.075; 0
41.125; 0
41.175; 0
41.225; 0
41.275; 0
41.325; 0
41.375; 0
41.425; 0
41.475; 0
41.525; 0
41.575; 0
41.625; 0
41.675; 0
41.725; 0
41.775; 0
41.825; 0
41.875; 0
41.925; 0
41.975; 0
42.025; 0
42.075; 0
42.125; 0
42.175; 0
42.225; 0
42.275; 0
42.325; 0
42.375; 0
42.425; 0
42.475; 0
42.525; 0
42.575; 0
42.625; 0
42.675; 0
42.725; 0
42.775; 0
42.825; 0
42.875; 0
42.925; 0
42.975; 0
43.025; 0
43.075; 0
43.125; 0
43.175; 0
43.225; 0
43.275; 0
43.325; 0
43.375; 0
43.425; 0
43.475; 0
43.525; 0
43.575; 0
43.625; 0
43.675; 0
43.725; 0
43.775; 0
43.825; 0
43.875; 0
43.925; 0
43.975; 0
44.025; 0
44.075; 0
44.125; 0
44.175; 0
44.225; 0
44.275; 0
44.325; 0
44.375; 0
44.425; 0
44.475; 0
44.525; 0
44.575; 0
44.625; 0
44.675; 0
44.725; 0
44.775; 0
44.825; 0
44.875; 0
44.925; 0
44.975; 0
45.025; 0
45.075; 0
45.125; 0
45.175; 0
45.225; 0
45.275; 0
45.325; 0
45.375; 0
45.425; 0
45.475; 0
45.525; 0
45.575; 0
45.625; 0
45.675; 0
45.725; 0
45.775; 0
45.825; 0
45.875; 0
45.925; 0
45.975; 0
46.025; 0
46.075; 0
46.125; 0
46.175; 0
46.225; 0
46.275; 0
46.325; 0
46.375; 0
46.425; 0
46.475; 0
46.525; 0
46.575; 0
46.625; 0
46.675; 0
46.725; 0
46.775; 0
46.825; 0
46.875; 0
46.925; 0
46.975; 0
47.025; 0
47.075; 0
47.125; 0
47.175; 0
47.225; 0
47.275; 0
47.325; 0
47.375; 0
47.425; 0
47.475; 0
47.525; 0
47.575; 0
47.625; 0
47.675; 0
47.725; 0
47.775; 0
47.825; 0
47.875; 0
47.925; 0
47.975; 0
48.025; 0
48.075; 0
48.125; 0
48.175; 0
48.225; 0
48.275; 0
48.325; 0
48.375; 0
48.425; 0
48.475; 0
48.525; 0
48.575; 0
48.625; 0
48.675; 0
48.725; 0
48.775; 0
48.825; 0
48.875; 0
48.925; 0
48.975; 0
49.025; 0
49.075; 0
49.125; 0
49.175; 0
49.225; 0
49.275; 0
49.325; 0
49.375; 0
49.425; 0
49.475; 0
49.525; 0
49.575; 0
49.625; 0
49.675; 0
49.725; 0
49.775; 0
49.825; 0
49.875; 0
49.925; 0
