0.05; 40
0.15; 30
0.25; 22
0.35; 25
0.45; 9
0.55; 13
0.65; 6
0.75; 6
0.85; 22
0.95; 49
1.05; 82
1.15; 129
1.25; 222
1.35; 333
1.45; 382
1.55; 322
1.65; 324
1.75; 268
1.85; 231
1.95; 169
2.05; 151
2.15; 133
2.25; 106
2.35; 107
2.45; 116
2.55; 79
2.65; 102
2.75; 119
2.85; 115
2.95; 120
3.05; 105
3.15; 145
3.25; 153
3.35; 129
3.45; 131
3.55; 121
3.65; 93
3.75; 86
3.85; 95
3.95; 68
4.05; 71
4.15; 69
4.25; 73
4.35; 85
4.45; 60
4.55; 65
4.65; 59
4.75; 57
4.85; 62
4.95; 104
5.05; 193
5.15; 375
5.25; 890
5.35; 1633
5.45; 2849
5.55; 4618
5.65; 6732
5.75; 8496
5.85; 9928
5.95; 10496
6.05; 9897
6.15; 8821
6.25; 7200
6.35; 5627
6.45; 4002
6.55; 2745
6.65; 1893
6.75; 1151
6.85; 717
6.95; 466
7.05; 277
7.15; 168
7.25; 97
7.35; 75
7.45; 52
7.55; 34
7.65; 37
7.75; 25
7.85; 30
7.95; 22
8.05; 23
8.15; 23
8.25; 11
8.35; 21
8.45; 25
8.55; 18
8.65; 16
8.75; 10
8.85; 11
8.95; 21
9.05; 16
9.15; 10
9.25; 14
9.35; 19
9.45; 7
9.55; 17
9.65; 18
9.75; 11
9.85; 8
9.95; 8
10.05; 12
10.15; 6
10.25; 10
10.35; 8
10.45; 14
10.55; 9
10.65; 14
10.75; 13
10.85; 9
10.95; 7
11.05; 8
11.15; 9
11.25; 9
11.35; 6
11.45; 7
11.55; 7
11.65; 14
11.75; 10
11.85; 8
11.95; 13
12.05; 10
12.15; 6
12.25; 11
12.35; 9
12.45; 6
12.55; 5
12.65; 6
12.75; 6
12.85; 11
12.95; 9
13.05; 10
13.15; 9
13.25; 9
13.35; 14
13.45; 9
13.55; 8
13.65; 4
13.75; 5
13.85; 5
13.95; 3
14.05; 9
14.15; 4
14.25; 5
14.35; 12
14.45; 5
14.55; 8
14.65; 9
14.75; 7
14.85; 7
14.95; 2
15.05; 4
15.15; 6
15.25; 7
15.35; 4
15.45; 3
15.55; 9
15.65; 9
15.75; 9
15.85; 4
15.95; 6
16.05; 4
16.15; 11
16.25; 8
16.35; 7
16.45; 3
16.55; 3
16.65; 8
16.75; 8
16.85; 12
16.95; 6
17.05; 4
17.15; 5
17.25; 6
17.35; 4
17.45; 0
17.55; 2
17.65; 5
17.75; 5
17.85; 7
17.95; 10
18.05; 6
18.15; 4
18.25; 5
18.35; 7
18.45; 6
18.55; 6
18.65; 3
18.75; 2
18.85; 5
18.95; 0
19.05; 6
19.15; 5
19.25; 8
19.35; 0
19.45; 5
19.55; 4
19.65; 4
19.75; 4
19.85; 3
19.95; 2
20.05; 3
20.15; 4
20.25; 6
20.35; 7
20.45; 5
20.55; 2
20.65; 3
20.75; 1
20.85; 0
20.95; 9
21.05; 2
21.15; 7
21.25; 4
21.35; 6
21.45; 2
21.55; 2
21.65; 5
21.75; 4
21.85; 8
21.95; 2
22.05; 5
22.15; 2
22.25; 4
22.35; 3
22.45; 6
22.55; 3
22.65; 4
22.75; 2
22.85; 3
22.95; 4
23.05; 5
23.15; 6
23.25; 8
23.35; 5
23.45; 4
23.55; 3
23.65; 1
23.75; 4
23.85; 8
23.95; 2
24.05; 5
24.15; 4
24.25; 2
24.35; 2
24.45; 5
24.55; 1
24.65; 1
24.75; 2
24.85; 4
24.95; 1
25.05; 2
25.15; 6
25.25; 4
25.35; 4
25.45; 1
25.55; 2
25.65; 5
25.75; 1
25.85; 3
25.95; 5
26.05; 2
26.15; 2
26.25; 8
26.35; 1
26.45; 3
26.55; 1
26.65; 2
26.75; 1
26.85; 0
26.95; 1
27.05; 5
27.15; 0
27.25; 2
27.35; 3
27.45; 1
27.55; 5
27.65; 2
27.75; 3
27.85; 6
27.95; 1
28.05; 2
28.15; 3
28.25; 2
28.35; 1
28.45; 4
28.55; 4
28.65; 4
28.75; 2
28.85; 1
28.95; 3
29.05; 3
29.15; 1
29.25; 0
29.35; 2
29.45; 4
29.55; 0
29.65; 1
29.75; 2
29.85; 2
29.95; 1
30.05; 1
30.15; 1
30.25; 2
30.35; 6
30.45; 1
30.55; 1
30.65; 1
30.75; 6
30.85; 3
30.95; 4
31.05; 3
31.15; 4
31.25; 1
31.35; 2
31.45; 1
31.55; 1
31.65; 1
31.75; 2
31.85; 1
31.95; 5
32.05; 0
32.15; 2
32.25; 2
32.35; 0
32.45; 3
32.55; 2
32.65; 2
32.75; 1
32.85; 2
32.95; 3
33.05; 1
33.15; 3
33.25; 2
33.35; 2
33.45; 1
33.55; 2
33.65; 4
33.75; 6
33.85; 2
33.95; 3
34.05; 4
34.15; 1
34.25; 1
34.35; 2
34.45; 2
34.55; 1
34.65; 3
34.75; 0
34.85; 1
34.95; 3
35.05; 2
35.15; 2
35.25; 2
35.35; 3
35.45; 2
35.55; 2
35.65; 4
35.75; 1
35.85; 2
35.95; 4
36.05; 2
36.15; 0
36.25; 0
36.35; 3
36.45; 0
36.55; 2
36.65; 2
36.75; 1
36.85; 2
36.95; 1
37.05; 2
37.15; 1
37.25; 3
37.35; 3
37.45; 1
37.55; 3
37.65; 0
37.75; 1
37.85; 2
37.95; 2
38.05; 1
38.15; 0
38.25; 2
38.35; 0
38.45; 0
38.55; 1
38.65; 0
38.75; 1
38.85; 2
38.95; 1
39.05; 1
39.15; 0
39.25; 1
39.35; 3
39.45; 1
39.55; 2
39.65; 0
39.75; 1
39.85; 0
39.95; 1
40.05; 1
40.15; 1
40.25; 2
40.35; 1
40.45; 0
40.55; 1
40.65; 1
40.75; 1
40.85; 0
40.95; 1
41.05; 0
41.15; 1
41.25; 0
41.35; 5
41.45; 0
41.55; 3
41.65; 2
41.75; 0
41.85; 2
41.95; 2
42.05; 2
42.15; 0
42.25; 0
42.35; 1
42.45; 1
42.55; 1
42.65; 0
42.75; 0
42.85; 1
42.95; 0
43.05; 0
43.15; 0
43.25; 0
43.35; 0
43.45; 2
43.55; 0
43.65; 0
43.75; 1
43.85; 0
43.95; 1
44.05; 2
44.15; 0
44.25; 0
44.35; 1
44.45; 2
44.55; 2
44.65; 0
44.75; 1
44.85; 1
44.95; 0
45.05; 2
45.15; 4
45.25; 0
45.35; 3
45.45; 1
45.55; 1
45.65; 1
45.75; 0
45.85; 2
45.95; 5
46.05; 2
46.15; 0
46.25; 2
46.35; 1
46.45; 0
46.55; 1
46.65; 2
46.75; 1
46.85; 0
46.95; 1
47.05; 0
47.15; 0
47.25; 3
47.35; 0
47.45; 0
47.55; 1
47.65; 0
47.75; 0
47.85; 0
47.95; 0
48.05; 3
48.15; 2
48.25; 1
48.35; 3
48.45; 1
48.55; 0
48.65; 0
48.75; 1
48.85; 0
48.95; 2
49.05; 0
49.15; 1
49.25; 4
49.35; 0
49.45; 0
49.55; 1
49.65; 1
49.75; 0
49.85; 2
49.95; 2
50.05; 0
50.15; 0
50.25; 0
50.35; 0
50.45; 1
50.55; 0
50.65; 2
50.75; 2
50.85; 1
50.95; 0
51.05; 2
51.15; 0
51.25; 2
51.35; 0
51.45; 0
51.55; 0
51.65; 1
51.75; 0
51.85; 2
51.95; 0
52.05; 0
52.15; 1
52.25; 1
52.35; 2
52.45; 0
52.55; 3
52.65; 2
52.75; 1
52.85; 0
52.95; 0
53.05; 1
53.15; 1
53.25; 1
53.35; 0
53.45; 0
53.55; 1
53.65; 1
53.75; 1
53.85; 1
53.95; 0
54.05; 2
54.15; 1
54.25; 0
54.35; 1
54.45; 0
54.55; 2
54.65; 1
54.75; 0
54.85; 1
54.95; 0
55.05; 1
55.15; 2
55.25; 0
55.35; 1
55.45; 0
55.55; 1
55.65; 1
55.75; 1
55.85; 0
55.95; 0
56.05; 1
56.15; 0
56.25; 0
56.35; 1
56.45; 0
56.55; 0
56.65; 2
56.75; 0
56.85; 1
56.95; 0
57.05; 0
57.15; 1
57.25; 3
57.35; 1
57.45; 0
57.55; 4
57.65; 0
57.75; 0
57.85; 0
57.95; 2
58.05; 1
58.15; 1
58.25; 2
58.35; 0
58.45; 0
58.55; 0
58.65; 0
58.75; 0
58.85; 1
58.95; 1
59.05; 0
59.15; 1
59.25; 1
59.35; 0
59.45; 0
59.55; 0
59.65; 1
59.75; 0
59.85; 2
59.95; 0
60.05; 2
60.15; 0
60.25; 0
60.35; 0
60.45; 0
60.55; 1
60.65; 2
60.75; 1
60.85; 0
60.95; 1
61.05; 0
61.15; 0
61.25; 3
61.35; 0
61.45; 0
61.55; 1
61.65; 0
61.75; 1
61.85; 1
61.95; 2
62.05; 1
62.15; 2
62.25; 0
62.35; 0
62.45; 0
62.55; 1
62.65; 0
62.75; 0
62.85; 0
62.95; 1
63.05; 0
63.15; 0
63.25; 0
63.35; 0
63.45; 0
63.55; 0
63.65; 0
63.75; 0
63.85; 0
63.95; 0
64.05; 0
64.15; 0
64.25; 1
64.35; 0
64.45; 0
64.55; 0
64.65; 0
64.75; 0
64.85; 1
64.95; 0
65.05; 0
65.15; 0
65.25; 2
65.35; 0
65.45; 0
65.55; 0
65.65; 0
65.75; 0
65.85; 0
65.95; 1
66.05; 0
66.15; 0
66.25; 0
66.35; 0
66.45; 0
66.55; 1
66.65; 0
66.75; 0
66.85; 1
66.95; 0
67.05; 1
67.15; 0
67.25; 0
67.35; 0
67.45; 0
67.55; 0
67.65; 0
67.75; 2
67.85; 0
67.95; 0
68.05; 3
68.15; 1
68.25; 0
68.35; 1
68.45; 0
68.55; 0
68.65; 1
68.75; 0
68.85; 0
68.95; 0
69.05; 0
69.15; 0
69.25; 0
69.35; 0
69.45; 1
69.55; 0
69.65; 1
69.75; 0
69.85; 0
69.95; 0
70.05; 1
70.15; 0
70.25; 2
70.35; 0
70.45; 0
70.55; 1
70.65; 0
70.75; 0
70.85; 0
70.95; 2
71.05; 0
71.15; 0
71.25; 0
71.35; 0
71.45; 0
71.55; 0
71.65; 0
71.75; 0
71.85; 0
71.95; 0
72.05; 1
72.15; 0
72.25; 0
72.35; 1
72.45; 1
72.55; 0
72.65; 0
72.75; 1
72.85; 1
72.95; 0
73.05; 0
73.15; 0
73.25; 1
73.35; 0
73.45; 1
73.55; 0
73.65; 1
73.75; 0
73.85; 1
73.95; 0
74.05; 1
74.15; 0
74.25; 0
74.35; 2
74.45; 1
74.55; 0
74.65; 0
74.75; 0
74.85; 0
74.95; 1
75.05; 1
75.15; 0
75.25; 0
75.35; 0
75.45; 0
75.55; 1
75.65; 0
75.75; 0
75.85; 0
75.95; 0
76.05; 1
76.15; 1
76.25; 0
76.35; 1
76.45; 0
76.55; 1
76.65; 1
76.75; 0
76.85; 0
76.95; 0
77.05; 0
77.15; 0
77.25; 0
77.35; 0
77.45; 0
77.55; 0
77.65; 0
77.75; 1
77.85; 0
77.95; 2
78.05; 0
78.15; 0
78.25; 1
78.35; 0
78.45; 0
78.55; 0
78.65; 0
78.75; 0
78.85; 1
78.95; 1
79.05; 0
79.15; 0
79.25; 0
79.35; 1
79.45; 0
79.55; 0
79.65; 0
79.75; 0
79.85; 0
79.95; 0
80.05; 0
80.15; 1
80.25; 0
80.35; 0
80.45; 0
80.55; 0
80.65; 0
80.75; 0
80.85; 0
80.95; 0
81.05; 1
81.15; 0
81.25; 0
81.35; 0
81.45; 0
81.55; 0
81.65; 0
81.75; 0
81.85; 0
81.95; 0
82.05; 0
82.15; 0
82.25; 0
82.35; 0
82.45; 0
82.55; 0
82.65; 0
82.75; 0
82.85; 0
82.95; 0
83.05; 0
83.15; 0
83.25; 0
83.35; 0
83.45; 0
83.55; 0
83.65; 0
83.75; 0
83.85; 0
83.95; 0
84.05; 0
84.15; 0
84.25; 1
84.35; 0
84.45; 0
84.55; 0
84.65; 0
84.75; 1
84.85; 1
84.95; 0
85.05; 0
85.15; 0
85.25; 0
85.35; 0
85.45; 0
85.55; 0
85.65; 0
85.75; 1
85.85; 0
85.95; 0
86.05; 0
86.15; 0
86.25; 0
86.35; 0
86.45; 1
86.55; 0
86.65; 0
86.75; 0
86.85; 0
86.95; 0
87.05; 0
87.15; 0
87.25; 1
87.35; 0
87.45; 0
87.55; 1
87.65; 1
87.75; 0
87.85; 0
87.95; 0
88.05; 1
88.15; 0
88.25; 0
88.35; 0
88.45; 0
88.55; 0
88.65; 0
88.75; 0
88.85; 0
88.95; 0
89.05; 0
89.15; 0
89.25; 0
89.35; 0
89.45; 0
89.55; 0
89.65; 0
89.75; 0
89.85; 1
89.95; 1
90.05; 0
90.15; 0
90.25; 0
90.35; 0
90.45; 0
90.55; 0
90.65; 0
90.75; 0
90.85; 0
90.95; 1
91.05; 0
91.15; 0
91.25; 0
91.35; 0
91.45; 0
91.55; 0
91.65; 1
91.75; 0
91.85; 0
91.95; 0
92.05; 0
92.15; 1
92.25; 1
92.35; 0
92.45; 0
92.55; 0
92.65; 0
92.75; 0
92.85; 0
92.95; 0
93.05; 0
93.15; 0
93.25; 0
93.35; 1
93.45; 0
93.55; 0
93.65; 0
93.75; 0
93.85; 0
93.95; 0
94.05; 0
94.15; 0
94.25; 0
94.35; 1
94.45; 0
94.55; 0
94.65; 0
94.75; 0
94.85; 1
94.95; 0
95.05; 0
95.15; 0
95.25; 0
95.35; 0
95.45; 1
95.55; 0
95.65; 0
95.75; 0
95.85; 0
95.95; 0
96.05; 0
96.15; 0
96.25; 0
96.35; 0
96.45; 0
96.55; 0
96.65; 1
96.75; 0
96.85; 0
96.95; 0
97.05; 0
97.15; 0
97.25; 1
97.35; 0
97.45; 0
97.55; 0
97.65; 0
97.75; 0
97.85; 0
97.95; 0
98.05; 0
98.15; 0
98.25; 0
98.35; 0
98.45; 0
98.55; 0
98.65; 0
98.75; 0
98.85; 0
98.95; 0
99.05; 0
99.15; 0
99.25; 1
99.35; 0
99.45; 0
99.55; 1
99.65; 0
99.75; 0
99.85; 0
