0.025; 1
0.075; 0
0.125; 0
0.175; 0
0.225; 0
0.275; 0
0.325; 1
0.375; 0
0.425; 0
0.475; 0
0.525; 0
0.575; 0
0.625; 0
0.675; 0
0.725; 0
0.775; 1
0.825; 0
0.875; 1
0.925; 6
0.975; 2
1.025; 6
1.075; 10
1.125; 12
1.175; 11
1.225; 18
1.275; 13
1.325; 26
1.375; 28
1.425; 38
1.475; 44
1.525; 56
1.575; 58
1.625; 65
1.675; 71
1.725; 72
1.775; 72
1.825; 52
1.875; 45
1.925; 45
1.975; 36
2.025; 31
2.075; 28
2.125; 27
2.175; 17
2.225; 13
2.275; 14
2.325; 7
2.375; 6
2.425; 8
2.475; 4
2.525; 4
2.575; 4
2.625; 2
2.675; 2
2.725; 1
2.775; 1
2.825; 0
2.875; 0
2.925; 0
2.975; 1
3.025; 0
3.075; 1
3.125; 4
3.175; 4
3.225; 2
3.275; 7
3.325; 5
3.375; 8
3.425; 15
3.475; 6
3.525; 10
3.575; 9
3.625; 8
3.675; 3
3.725; 9
3.775; 10
3.825; 12
3.875; 3
3.925; 6
3.975; 8
4.025; 8
4.075; 12
4.125; 8
4.175; 6
4.225; 5
4.275; 4
4.325; 4
4.375; 8
4.425; 8
4.475; 8
4.525; 5
4.575; 8
4.625; 7
4.675; 3
4.725; 8
4.775; 4
4.825; 4
4.875; 4
4.925; 6
4.975; 2
5.025; 4
5.075; 1
5.125; 4
5.175; 4
5.225; 5
5.275; 5
5.325; 0
5.375; 7
5.425; 1
5.475; 6
5.525; 1
5.575; 4
5.625; 2
5.675; 2
5.725; 3
5.775; 5
5.825; 3
5.875; 1
5.925; 1
5.975; 2
6.025; 3
6.075; 4
6.125; 3
6.175; 1
6.225; 1
6.275; 1
6.325; 2
6.375; 0
6.425; 2
6.475; 4
6.525; 4
6.575; 4
6.625; 4
6.675; 6
6.725; 6
6.775; 10
6.825; 9
6.875; 7
6.925; 10
6.975; 11
7.025; 19
7.075; 19
7.125; 22
7.175; 30
7.225; 33
7.275; 42
7.325; 44
7.375; 63
7.425; 60
7.475; 60
7.525; 59
7.575; 69
7.625; 61
7.675; 74
7.725; 63
7.775; 54
7.825; 60
7.875; 44
7.925; 55
7.975; 43
8.025; 31
8.075; 35
8.125; 10
8.175; 26
8.225; 13
8.275; 15
8.325; 10
8.375; 8
8.425; 8
8.475; 5
8.525; 5
8.575; 2
8.625; 4
8.675; 0
8.725; 3
8.775; 3
8.825; 4
8.875; 2
8.925; 2
8.975; 0
9.025; 1
9.075; 0
9.125; 2
9.175; 2
9.225; 0
9.275; 0
9.325; 0
9.375; 0
9.425; 0
9.475; 1
9.525; 1
9.575; 0
9.625; 2
9.675; 2
9.725; 1
9.775; 0
9.825; 0
9.875; 1
9.925; 0
9.975; 0
10.025; 1
10.075; 2
10.125; 0
10.175; 1
10.225; 1
10.275; 4
10.325; 0
10.375; 0
10.425; 1
10.475; 1
10.525; 2
10.575; 0
10.625; 0
10.675; 1
10.725; 0
10.775; 0
10.825; 0
10.875; 1
10.925; 3
10.975; 0
11.025; 1
11.075; 0
11.125; 0
11.175; 1
11.225; 1
11.275; 0
11.325; 0
11.375; 1
11.425; 1
11.475; 0
11.525; 0
11.575; 2
11.625; 1
11.675; 0
11.725; 0
11.775; 0
11.825; 0
11.875; 1
11.925; 0
11.975; 0
12.025; 0
12.075; 1
12.125; 0
12.175; 1
12.225; 1
12.275; 0
12.325; 1
12.375; 0
12.425; 0
12.475; 0
12.525; 0
12.575; 2
12.625; 1
12.675; 0
12.725; 1
12.775; 1
12.825; 1
12.875; 1
12.925; 0
12.975; 0
13.025; 0
13.075; 1
13.125; 0
13.175; 1
13.225; 0
13.275; 0
13.325; 0
13.375; 1
13.425; 0
13.475; 0
13.525; 1
13.575; 0
13.625; 0
13.675; 0
13.725; 1
13.775; 1
13.825; 1
13.875; 1
13.925; 0
13.975; 2
14.025; 0
14.075; 2
14.125; 0
14.175; 2
14.225; 1
14.275; 0
14.325; 1
14.375; 0
14.425; 1
14.475; 2
14.525; 0
14.575; 0
14.625; 0
14.675; 0
14.725; 1
14.775; 0
14.825; 0
14.875; 0
14.925; 0
14.975; 2
15.025; 0
15.075; 2
15.125; 0
15.175; 1
15.225; 1
15.275; 0
15.325; 1
15.375; 0
15.425; 0
15.475; 0
15.525; 1
15.575; 0
15.625; 1
15.675; 0
15.725; 0
15.775; 0
15.825; 1
15.875; 0
15.925; 1
15.975; 1
16.025; 1
16.075; 1
16.125; 0
16.175; 0
16.225; 0
16.275; 1
16.325; 1
16.375; 2
16.425; 0
16.475; 0
16.525; 1
16.575; 0
16.625; 0
16.675; 1
16.725; 1
16.775; 0
16.825; 0
16.875; 1
16.925; 0
16.975; 1
17.025; 0
17.075; 1
17.125; 0
17.175; 0
17.225; 0
17.275; 1
17.325; 0
17.375; 0
17.425; 1
17.475; 1
17.525; 1
17.575; 0
17.625; 0
17.675; 0
17.725; 0
17.775; 0
17.825; 0
17.875; 0
17.925; 1
17.975; 0
18.025; 1
18.075; 1
18.125; 0
18.175; 1
18.225; 0
18.275; 2
18.325; 2
18.375; 0
18.425; 0
18.475; 1
18.525; 0
18.575; 0
18.625; 1
18.675; 0
18.725; 0
18.775; 0
18.825; 1
18.875; 0
18.925; 3
18.975; 0
19.025; 0
19.075; 1
19.125; 1
19.175; 0
19.225; 2
19.275; 1
19.325; 0
19.375; 0
19.425; 0
19.475; 0
19.525; 0
19.575; 0
19.625; 2
19.675; 0
19.725; 1
19.775; 1
19.825; 0
19.875; 0
19.925; 0
19.975; 1
20.025; 1
20.075; 0
20.125; 0
20.175; 1
20.225; 0
20.275; 0
20.325; 1
20.375; 3
20.425; 0
20.475; 0
20.525; 0
20.575; 1
20.625; 1
20.675; 0
20.725; 0
20.775; 1
20.825; 0
20.875; 0
20.925; 2
20.975; 0
21.025; 0
21.075; 0
21.125; 0
21.175; 0
21.225; 0
21.275; 1
21.325; 0
21.375; 0
21.425; 0
21.475; 0
21.525; 0
21.575; 0
21.625; 0
21.675; 2
21.725; 0
21.775; 2
21.825; 1
21.875; 1
21.925; 0
21.975; 1
22.025; 1
22.075; 0
22.125; 0
22.175; 0
22.225; 0
22.275; 0
22.325; 0
22.375; 1
22.425; 1
22.475; 1
22.525; 1
22.575; 0
22.625; 0
22.675; 0
22.725; 0
22.775; 0
22.825; 1
22.875; 1
22.925; 0
22.975; 1
23.025; 0
23.075; 1
23.125; 0
23.175; 0
23.225; 0
23.275; 1
23.325; 0
23.375; 1
23.425; 0
23.475; 0
23.525; 0
23.575; 0
23.625; 0
23.675; 0
23.725; 0
23.775; 0
23.825; 0
23.875; 2
23.925; 0
23.975; 0
24.025; 1
24.075; 0
24.125; 0
24.175; 0
24.225; 0
24.275; 1
24.325; 2
24.375; 0
24.425; 0
24.475; 0
24.525; 1
24.575; 0
24.625; 0
24.675; 0
24.725; 1
24.775; 1
24.825; 0
24.875; 1
24.925; 0
24.975; 0
25.025; 0
25.075; 1
25.125; 0
25.175; 0
25.225; 0
25.275; 1
25.325; 1
25.375; 1
25.425; 0
25.475; 0
25.525; 0
25.575; 0
25.625; 0
25.675; 1
25.725; 0
25.775; 0
25.825; 0
25.875; 0
25.925; 0
25.975; 1
26.025; 0
26.075; 1
26.125; 0
26.175; 0
26.225; 0
26.275; 0
26.325; 0
26.375; 0
26.425; 0
26.475; 0
26.525; 0
26.575; 1
26.625; 0
26.675; 0
26.725; 0
26.775; 0
26.825; 0
26.875; 2
26.925; 0
26.975; 0
27.025; 0
27.075; 0
27.125; 1
27.175; 0
27.225; 0
27.275; 1
27.325; 0
27.375; 0
27.425; 0
27.475; 0
27.525; 0
27.575; 0
27.625; 0
27.675; 1
27.725; 2
27.775; 0
27.825; 0
27.875; 0
27.925; 1
27.975; 1
28.025; 1
28.075; 0
28.125; 1
28.175; 0
28.225; 1
28.275; 0
28.325; 0
28.375; 0
28.425; 0
28.475; 1
28.525; 1
28.575; 0
28.625; 1
28.675; 0
28.725; 1
28.775; 0
28.825; 0
28.875; 0
28.925; 1
28.975; 3
29.025; 4
29.075; 0
29.125; 0
29.175; 0
29.225; 1
29.275; 0
29.325; 0
29.375; 0
29.425; 0
29.475; 1
29.525; 0
29.575; 0
29.625; 0
29.675; 1
29.725; 0
29.775; 1
29.825; 0
29.875; 1
29.925; 0
29.975; 0
30.025; 1
30.075; 1
30.125; 0
30.175; 1
30.225; 0
30.275; 1
30.325; 1
30.375; 0
30.425; 2
30.475; 2
30.525; 0
30.575; 0
30.625; 1
30.675; 1
30.725; 0
30.775; 1
30.825; 1
30.875; 0
30.925; 1
30.975; 0
31.025; 0
31.075; 0
31.125; 0
31.175; 0
31.225; 0
31.275; 0
31.325; 0
31.375; 0
31.425; 0
31.475; 0
31.525; 0
31.575; 0
31.625; 0
31.675; 0
31.725; 2
31.775; 0
31.825; 0
31.875; 1
31.925; 0
31.975; 0
32.025; 0
32.075; 0
32.125; 0
32.175; 0
32.225; 0
32.275; 0
32.325; 1
32.375; 0
32.425; 1
32.475; 1
32.525; 0
32.575; 1
32.625; 0
32.675; 1
32.725; 1
32.775; 0
32.825; 0
32.875; 1
32.925; 0
32.975; 0
33.025; 0
33.075; 2
33.125; 0
33.175; 0
33.225; 0
33.275; 0
33.325; 1
33.375; 0
33.425; 0
33.475; 1
33.525; 0
33.575; 0
33.625; 2
33.675; 0
33.725; 0
33.775; 0
33.825; 0
33.875; 0
33.925; 0
33.975; 1
34.025; 1
34.075; 1
34.125; 1
34.175; 0
34.225; 0
34.275; 0
34.325; 0
34.375; 0
34.425; 0
34.475; 0
34.525; 0
34.575; 0
34.625; 0
34.675; 0
34.725; 0
34.775; 0
34.825; 0
34.875; 1
34.925; 1
34.975; 0
35.025; 0
35.075; 0
35.125; 0
35.175; 1
35.225; 2
35.275; 0
35.325; 0
35.375; 1
35.425; 0
35.475; 0
35.525; 0
35.575; 1
35.625; 0
35.675; 0
35.725; 0
35.775; 1
35.825; 0
35.875; 0
35.925; 0
35.975; 2
36.025; 2
36.075; 1
36.125; 0
36.175; 0
36.225; 0
36.275; 1
36.325; 0
36.375; 0
36.425; 0
36.475; 0
36.525; 0
36.575; 0
36.625; 0
36.675; 1
36.725; 1
36.775; 0
36.825; 0
36.875; 0
36.925; 0
36.975; 0
37.025; 1
37.075; 0
37.125; 0
37.175; 0
37.225; 0
37.275; 0
37.325; 0
37.375; 0
37.425; 0
37.475; 0
37.525; 1
37.575; 1
37.625; 0
37.675; 0
37.725; 0
37.775; 0
37.825; 0
37.875; 0
37.925; 0
37.975; 0
38.025; 0
38.075; 0
38.125; 1
38.175; 0
38.225; 0
38.275; 0
38.325; 0
38.375; 0
38.425; 0
38.475; 1
38.525; 0
38.575; 0
38.625; 0
38.675; 0
38.725; 0
38.775; 0
38.825; 1
38.875; 0
38.925; 0
38.975; 0
39.025; 1
39.075; 1
39.125; 0
39.175; 0
39.225; 0
39.275; 0
39.325; 0
39.375; 0
39.425; 1
39.475; 0
39.525; 1
39.575; 0
39.625; 0
39.675; 1
39.725; 1
39.775; 0
39.825; 0
39.875; 0
39.925; 0
39.975; 0
40.025; 1
40.075; 0
40.125; 0
40.175; 0
40.225; 0
40.275; 1
40.325; 0
40.375; 0
40.425; 0
40.475; 0
40.525; 0
40.575; 0
40.625; 0
40.675; 1
40.725; 0
40.775; 0
40.825; 0
40.875; 1
40.925; 0
40.975; 0
41.025; 0
41.075; 0
41.125; 0
41.175; 0
41.225; 1
41.275; 0
41.325; 0
41.375; 0
41.425; 0
41.475; 0
41.525; 0
41.575; 0
41.625; 0
41.675; 0
41.725; 0
41.775; 1
41.825; 0
41.875; 0
41.925; 0
41.975; 0
42.025; 0
42.075; 0
42.125; 0
42.175; 1
42.225; 0
42.275; 0
42.325; 0
42.375; 0
42.425; 0
42.475; 0
42.525; 0
42.575; 0
42.625; 0
42.675; 0
42.725; 0
42.775; 0
42.825; 0
42.875; 0
42.925; 0
42.975; 0
43.025; 0
43.075; 0
43.125; 0
43.175; 0
43.225; 1
43.275; 0
43.325; 0
43.375; 0
43.425; 0
43.475; 0
43.525; 0
43.575; 0
43.625; 1
43.675; 0
43.725; 0
43.775; 0
43.825; 2
43.875; 0
43.925; 0
43.975; 1
44.025; 0
44.075; 1
44.125; 0
44.175; 0
44.225; 0
44.275; 0
44.325; 0
44.375; 0
44.425; 0
44.475; 0
44.525; 0
44.575; 0
44.625; 0
44.675; 0
44.725; 0
44.775; 0
44.825; 0
44.875; 0
44.925; 0
44.975; 0
45.025; 0
45.075; 0
45.125; 0
45.175; 0
45.225; 0
45.275; 0
45.325; 0
45.375; 1
45.425; 0
45.475; 0
45.525; 0
45.575; 0
45.625; 1
45.675; 0
45.725; 0
45.775; 0
45.825; 0
45.875; 0
45.925; 0
45.975; 0
46.025; 0
46.075; 0
46.125; 1
46.175; 0
46.225; 1
46.275; 0
46.325; 0
46.375; 0
46.425; 0
46.475; 0
46.525; 0
46.575; 0
46.625; 0
46.675; 0
46.725; 1
46.775; 0
46.825; 0
46.875; 0
46.925; 0
46.975; 0
47.025; 0
47.075; 0
47.125; 0
47.175; 0
47.225; 0
47.275; 0
47.325; 0
47.375; 0
47.425; 0
47.475; 1
47.525; 0
47.575; 0
47.625; 0
47.675; 0
47.725; 0
47.775; 0
47.825; 0
47.875; 0
47.925; 0
47.975; 0
48.025; 1
48.075; 0
48.125; 0
48.175; 0
48.225; 1
48.275; 1
48.325; 0
48.375; 0
48.425; 0
48.475; 0
48.525; 0
48.575; 0
48.625; 0
48.675; 0
48.725; 0
48.775; 1
48.825; 0
48.875; 0
48.925; 0
48.975; 1
49.025; 0
49.075; 0
49.125; 0
49.175; 1
49.225; 0
49.275; 0
49.325; 0
49.375; 0
49.425; 0
49.475; 0
49.525; 0
49.575; 0
49.625; 0
49.675; 0
49.725; 0
49.775; 0
49.825; 0
49.875; 0
49.925; 0
