0.025; 27
0.075; 26
0.125; 37
0.175; 21
0.225; 23
0.275; 22
0.325; 16
0.375; 12
0.425; 11
0.475; 11
0.525; 11
0.575; 7
0.625; 11
0.675; 8
0.725; 3
0.775; 4
0.825; 4
0.875; 4
0.925; 12
0.975; 14
1.025; 10
1.075; 21
1.125; 29
1.175; 24
1.225; 39
1.275; 32
1.325; 53
1.375; 56
1.425; 57
1.475; 73
1.525; 84
1.575; 89
1.625; 112
1.675; 123
1.725; 123
1.775; 153
1.825; 131
1.875; 131
1.925; 128
1.975; 118
2.025; 139
2.075; 118
2.125; 116
2.175; 115
2.225; 95
2.275; 93
2.325; 96
2.375; 77
2.425; 62
2.475; 59
2.525; 55
2.575; 56
2.625; 72
2.675; 47
2.725; 47
2.775; 47
2.825; 43
2.875; 51
2.925; 33
2.975; 24
3.025; 44
3.075; 30
3.125; 36
3.175; 32
3.225; 26
3.275; 32
3.325; 34
3.375; 34
3.425; 43
3.475; 40
3.525; 33
3.575; 39
3.625; 26
3.675; 32
3.725; 38
3.775; 32
3.825; 28
3.875; 27
3.925; 38
3.975; 36
4.025; 32
4.075; 40
4.125; 24
4.175; 22
4.225; 22
4.275; 20
4.325; 27
4.375; 27
4.425; 25
4.475; 27
4.525; 26
4.575; 28
4.625; 23
4.675; 25
4.725; 22
4.775; 28
4.825; 23
4.875; 19
4.925; 27
4.975; 24
5.025; 19
5.075; 15
5.125; 20
5.175; 22
5.225; 19
5.275; 16
5.325; 11
5.375; 18
5.425; 13
5.475; 21
5.525; 22
5.575; 13
5.625; 12
5.675; 12
5.725; 14
5.775; 21
5.825; 12
5.875; 11
5.925; 8
5.975; 20
6.025; 11
6.075; 16
6.125; 20
6.175; 16
6.225; 13
6.275; 13
6.325; 24
6.375; 15
6.425; 22
6.475; 35
6.525; 54
6.575; 67
6.625; 113
6.675; 129
6.725; 216
6.775; 291
6.825; 386
6.875; 462
6.925; 657
6.975; 861
7.025; 1186
7.075; 1439
7.125; 1851
7.175; 2287
7.225; 2730
7.275; 3040
7.325; 3511
7.375; 3952
7.425; 4252
7.475; 4631
7.525; 4889
7.575; 5063
7.625; 5034
7.675; 4842
7.725; 4762
7.775; 4605
7.825; 4259
7.875; 3773
7.925; 3425
7.975; 2977
8.025; 2503
8.075; 2100
8.125; 1780
8.175; 1467
8.225; 1185
8.275; 896
8.325; 723
8.375; 547
8.425; 420
8.475; 304
8.525; 221
8.575; 171
8.625; 120
8.675; 95
8.725; 66
8.775; 47
8.825; 50
8.875; 41
8.925; 33
8.975; 31
9.025; 21
9.075; 25
9.125; 29
9.175; 20
9.225; 18
9.275; 14
9.325; 16
9.375; 16
9.425; 17
9.475; 16
9.525; 20
9.575; 11
9.625; 17
9.675; 14
9.725; 17
9.775; 18
9.825; 10
9.875; 13
9.925; 16
9.975; 15
10.025; 10
10.075; 9
10.125; 18
10.175; 16
10.225; 13
10.275; 15
10.325; 9
10.375; 8
10.425; 13
10.475; 14
10.525; 11
10.575; 11
10.625; 10
10.675; 9
10.725; 10
10.775; 9
10.825; 10
10.875; 10
10.925; 10
10.975; 9
11.025; 10
11.075; 12
11.125; 6
11.175; 8
11.225; 6
11.275; 14
11.325; 9
11.375; 10
11.425; 12
11.475; 8
11.525; 6
11.575; 14
11.625; 6
11.675; 8
11.725; 6
11.775; 8
11.825; 10
11.875; 10
11.925; 7
11.975; 7
12.025; 1
12.075; 10
12.125; 6
12.175; 7
12.225; 10
12.275; 8
12.325; 13
12.375; 3
12.425; 7
12.475; 7
12.525; 4
12.575; 10
12.625; 4
12.675; 5
12.725; 6
12.775; 6
12.825; 6
12.875; 8
12.925; 5
12.975; 7
13.025; 12
13.075; 9
13.125; 9
13.175; 5
13.225; 6
13.275; 2
13.325; 6
13.375; 6
13.425; 3
13.475; 5
13.525; 7
13.575; 8
13.625; 4
13.675; 9
13.725; 5
13.775; 7
13.825; 10
13.875; 4
13.925; 3
13.975; 6
14.025; 11
14.075; 6
14.125; 2
14.175; 10
14.225; 5
14.275; 6
14.325; 6
14.375; 4
14.425; 6
14.475; 8
14.525; 6
14.575; 4
14.625; 5
14.675; 2
14.725; 3
14.775; 6
14.825; 3
14.875; 3
14.925; 2
14.975; 8
15.025; 2
15.075; 7
15.125; 4
15.175; 2
15.225; 9
15.275; 2
15.325; 2
15.375; 1
15.425; 3
15.475; 3
15.525; 5
15.575; 3
15.625; 7
15.675; 1
15.725; 5
15.775; 5
15.825; 7
15.875; 2
15.925; 6
15.975; 8
16.025; 5
16.075; 3
16.125; 7
16.175; 5
16.225; 2
16.275; 5
16.325; 4
16.375; 3
16.425; 3
16.475; 5
16.525; 3
16.575; 4
16.625; 7
16.675; 11
16.725; 2
16.775; 2
16.825; 3
16.875; 1
16.925; 7
16.975; 6
17.025; 6
17.075; 5
17.125; 3
17.175; 2
17.225; 6
17.275; 6
17.325; 3
17.375; 3
17.425; 4
17.475; 5
17.525; 5
17.575; 3
17.625; 1
17.675; 7
17.725; 2
17.775; 5
17.825; 5
17.875; 4
17.925; 2
17.975; 3
18.025; 2
18.075; 2
18.125; 6
18.175; 5
18.225; 9
18.275; 3
18.325; 6
18.375; 1
18.425; 0
18.475; 4
18.525; 3
18.575; 2
18.625; 3
18.675; 2
18.725; 4
18.775; 4
18.825; 3
18.875; 5
18.925; 4
18.975; 3
19.025; 2
19.075; 2
19.125; 4
19.175; 5
19.225; 2
19.275; 1
19.325; 4
19.375; 3
19.425; 2
19.475; 3
19.525; 3
19.575; 3
19.625; 2
19.675; 3
19.725; 1
19.775; 3
19.825; 0
19.875; 2
19.925; 0
19.975; 2
20.025; 3
20.075; 0
20.125; 5
20.175; 4
20.225; 4
20.275; 4
20.325; 3
20.375; 4
20.425; 2
20.475; 4
20.525; 2
20.575; 2
20.625; 2
20.675; 4
20.725; 4
20.775; 1
20.825; 2
20.875; 2
20.925; 2
20.975; 0
21.025; 1
21.075; 2
21.125; 1
21.175; 2
21.225; 1
21.275; 4
21.325; 3
21.375; 3
21.425; 2
21.475; 1
21.525; 1
21.575; 2
21.625; 3
21.675; 3
21.725; 4
21.775; 3
21.825; 5
21.875; 2
21.925; 1
21.975; 2
22.025; 2
22.075; 1
22.125; 2
22.175; 2
22.225; 2
22.275; 1
22.325; 3
22.375; 2
22.425; 4
22.475; 2
22.525; 2
22.575; 1
22.625; 2
22.675; 0
22.725; 3
22.775; 2
22.825; 5
22.875; 2
22.925; 5
22.975; 1
23.025; 0
23.075; 1
23.125; 1
23.175; 0
23.225; 4
23.275; 5
23.325; 1
23.375; 1
23.425; 0
23.475; 4
23.525; 3
23.575; 2
23.625; 0
23.675; 0
23.725; 1
23.775; 3
23.825; 3
23.875; 4
23.925; 3
23.975; 3
24.025; 4
24.075; 0
24.125; 3
24.175; 3
24.225; 3
24.275; 3
24.325; 3
24.375; 2
24.425; 1
24.475; 0
24.525; 3
24.575; 1
24.625; 5
24.675; 3
24.725; 4
24.775; 2
24.825; 1
24.875; 3
24.925; 1
24.975; 1
25.025; 2
25.075; 2
25.125; 0
25.175; 1
25.225; 2
25.275; 3
25.325; 3
25.375; 1
25.425; 2
25.475; 1
25.525; 2
25.575; 1
25.625; 0
25.675; 3
25.725; 0
25.775; 1
25.825; 0
25.875; 0
25.925; 2
25.975; 1
26.025; 0
26.075; 1
26.125; 0
26.175; 1
26.225; 0
26.275; 0
26.325; 2
26.375; 1
26.425; 0
26.475; 3
26.525; 2
26.575; 2
26.625; 1
26.675; 2
26.725; 2
26.775; 2
26.825; 1
26.875; 3
26.925; 5
26.975; 1
27.025; 1
27.075; 1
27.125; 1
27.175; 0
27.225; 2
27.275; 2
27.325; 0
27.375; 4
27.425; 1
27.475; 1
27.525; 1
27.575; 1
27.625; 2
27.675; 1
27.725; 3
27.775; 2
27.825; 0
27.875; 2
27.925; 1
27.975; 1
28.025; 1
28.075; 3
28.125; 2
28.175; 0
28.225; 3
28.275; 3
28.325; 2
28.375; 1
28.425; 0
28.475; 1
28.525; 1
28.575; 1
28.625; 2
28.675; 0
28.725; 3
28.775; 1
28.825; 0
28.875; 0
28.925; 2
28.975; 3
29.025; 7
29.075; 3
29.125; 2
29.175; 2
29.225; 1
29.275; 0
29.325; 3
29.375; 1
29.425; 1
29.475; 2
29.525; 0
29.575; 1
29.625; 0
29.675; 1
29.725; 2
29.775; 2
29.825; 0
29.875; 2
29.925; 0
29.975; 0
30.025; 6
30.075; 1
30.125; 2
30.175; 2
30.225; 1
30.275; 2
30.325; 2
30.375; 4
30.425; 4
30.475; 3
30.525; 1
30.575; 2
30.625; 2
30.675; 3
30.725; 0
30.775; 2
30.825; 3
30.875; 1
30.925; 2
30.975; 0
31.025; 0
31.075; 0
31.125; 2
31.175; 4
31.225; 2
31.275; 0
31.325; 0
31.375; 1
31.425; 2
31.475; 3
31.525; 0
31.575; 3
31.625; 3
31.675; 2
31.725; 2
31.775; 1
31.825; 1
31.875; 3
31.925; 2
31.975; 1
32.025; 0
32.075; 0
32.125; 1
32.175; 1
32.225; 0
32.275; 1
32.325; 2
32.375; 1
32.425; 2
32.475; 1
32.525; 2
32.575; 2
32.625; 1
32.675; 2
32.725; 1
32.775; 0
32.825; 1
32.875; 1
32.925; 2
32.975; 2
33.025; 1
33.075; 2
33.125; 0
33.175; 0
33.225; 0
33.275; 1
33.325; 1
33.375; 0
33.425; 0
33.475; 1
33.525; 1
33.575; 0
33.625; 4
33.675; 0
33.725; 0
33.775; 0
33.825; 1
33.875; 4
33.925; 1
33.975; 2
34.025; 1
34.075; 2
34.125; 2
34.175; 0
34.225; 0
34.275; 0
34.325; 2
34.375; 3
34.425; 1
34.475; 0
34.525; 1
34.575; 1
34.625; 0
34.675; 1
34.725; 1
34.775; 1
34.825; 1
34.875; 3
34.925; 2
34.975; 1
35.025; 1
35.075; 1
35.125; 0
35.175; 1
35.225; 4
35.275; 1
35.325; 0
35.375; 1
35.425; 2
35.475; 1
35.525; 3
35.575; 3
35.625; 1
35.675; 1
35.725; 1
35.775; 1
35.825; 0
35.875; 0
35.925; 0
35.975; 2
36.025; 2
36.075; 1
36.125; 0
36.175; 0
36.225; 0
36.275; 3
36.325; 0
36.375; 0
36.425; 0
36.475; 0
36.525; 0
36.575; 1
36.625; 0
36.675; 3
36.725; 1
36.775; 1
36.825; 0
36.875; 2
36.925; 0
36.975; 0
37.025; 1
37.075; 0
37.125; 0
37.175; 1
37.225; 2
37.275; 0
37.325; 1
37.375; 0
37.425; 0
37.475; 2
37.525; 1
37.575; 1
37.625; 0
37.675; 3
37.725; 1
37.775; 1
37.825; 0
37.875; 0
37.925; 0
37.975; 1
38.025; 0
38.075; 1
38.125; 1
38.175; 0
38.225; 0
38.275; 2
38.325; 0
38.375; 0
38.425; 0
38.475; 1
38.525; 1
38.575; 1
38.625; 0
38.675; 1
38.725; 0
38.775; 1
38.825; 1
38.875; 0
38.925; 1
38.975; 0
39.025; 2
39.075; 1
39.125; 0
39.175; 2
39.225; 1
39.275; 0
39.325; 2
39.375; 0
39.425; 2
39.475; 0
39.525; 2
39.575; 1
39.625; 0
39.675; 1
39.725; 1
39.775; 3
39.825; 1
39.875; 0
39.925; 0
39.975; 2
40.025; 2
40.075; 0
40.125; 1
40.175; 0
40.225; 1
40.275; 2
40.325; 0
40.375; 1
40.425; 1
40.475; 3
40.525; 0
40.575; 3
40.625; 0
40.675; 1
40.725; 0
40.775; 0
40.825; 1
40.875; 2
40.925; 0
40.975; 0
41.025; 1
41.075; 0
41.125; 0
41.175; 0
41.225; 1
41.275; 2
41.325; 2
41.375; 2
41.425; 1
41.475; 1
41.525; 0
41.575; 2
41.625; 1
41.675; 0
41.725; 0
41.775; 2
41.825; 0
41.875; 1
41.925; 0
41.975; 1
42.025; 1
42.075; 2
42.125; 0
42.175; 2
42.225; 0
42.275; 0
42.325; 0
42.375; 1
42.425; 0
42.475; 1
42.525; 0
42.575; 1
42.625; 1
42.675; 1
42.725; 0
42.775; 0
42.825; 2
42.875; 0
42.925; 2
42.975; 1
43.025; 1
43.075; 0
43.125; 0
43.175; 0
43.225; 1
43.275; 0
43.325; 0
43.375; 0
43.425; 1
43.475; 0
43.525; 0
43.575; 1
43.625; 1
43.675; 0
43.725; 0
43.775; 1
43.825; 2
43.875; 1
43.925; 0
43.975; 1
44.025; 1
44.075; 1
44.125; 0
44.175; 1
44.225; 2
44.275; 1
44.325; 2
44.375; 0
44.425; 1
44.475; 0
44.525; 0
44.575; 1
44.625; 2
44.675; 0
44.725; 1
44.775; 0
44.825; 0
44.875; 2
44.925; 0
44.975; 1
45.025; 0
45.075; 0
45.125; 0
45.175; 1
45.225; 0
45.275; 0
45.325; 0
45.375; 2
45.425; 2
45.475; 0
45.525; 0
45.575; 0
45.625; 2
45.675; 0
45.725; 1
45.775; 1
45.825; 1
45.875; 0
45.925; 0
45.975; 0
46.025; 0
46.075; 1
46.125; 1
46.175; 0
46.225; 1
46.275; 0
46.325; 1
46.375; 1
46.425; 0
46.475; 0
46.525; 0
46.575; 2
46.625; 0
46.675; 1
46.725; 1
46.775; 1
46.825; 1
46.875; 0
46.925; 0
46.975; 0
47.025; 0
47.075; 0
47.125; 0
47.175; 0
47.225; 0
47.275; 0
47.325; 0
47.375; 0
47.425; 1
47.475; 1
47.525; 0
47.575; 1
47.625; 0
47.675; 0
47.725; 1
47.775; 0
47.825; 0
47.875; 0
47.925; 1
47.975; 0
48.025; 1
48.075; 0
48.125; 1
48.175; 3
48.225; 2
48.275; 1
48.325; 0
48.375; 0
48.425; 0
48.475; 1
48.525; 2
48.575; 0
48.625; 0
48.675; 0
48.725; 0
48.775; 1
48.825; 0
48.875; 0
48.925; 0
48.975; 1
49.025; 0
49.075; 0
49.125; 0
49.175; 2
49.225; 0
49.275; 0
49.325; 0
49.375; 0
49.425; 1
49.475; 0
49.525; 0
49.575; 1
49.625; 1
49.675; 0
49.725; 1
49.775; 0
49.825; 0
49.875; 0
49.925; 0
