0.025; 26
0.075; 22
0.125; 18
0.175; 21
0.225; 23
0.275; 17
0.325; 16
0.375; 21
0.425; 24
0.475; 30
0.525; 17
0.575; 27
0.625; 28
0.675; 37
0.725; 35
0.775; 44
0.825; 39
0.875; 34
0.925; 40
0.975; 25
1.025; 45
1.075; 26
1.125; 22
1.175; 18
1.225; 22
1.275; 28
1.325; 33
1.375; 26
1.425; 26
1.475; 34
1.525; 31
1.575; 22
1.625; 23
1.675; 30
1.725; 30
1.775; 32
1.825; 15
1.875; 27
1.925; 21
1.975; 24
2.025; 24
2.075; 29
2.125; 22
2.175; 14
2.225; 22
2.275; 20
2.325; 22
2.375; 17
2.425; 23
2.475; 28
2.525; 21
2.575; 28
2.625; 18
2.675; 31
2.725; 43
2.775; 69
2.825; 63
2.875; 99
2.925; 95
2.975; 106
3.025; 117
3.075; 130
3.125; 121
3.175; 139
3.225; 164
3.275; 137
3.325; 154
3.375; 112
3.425; 129
3.475; 117
3.525; 128
3.575; 130
3.625; 105
3.675; 101
3.725; 109
3.775; 95
3.825; 108
3.875; 89
3.925; 103
3.975; 93
4.025; 66
4.075; 74
4.125; 69
4.175; 61
4.225; 68
4.275; 59
4.325; 36
4.375; 51
4.425; 58
4.475; 57
4.525; 38
4.575; 47
4.625; 33
4.675; 37
4.725; 41
4.775; 28
4.825; 33
4.875; 26
4.925; 29
4.975; 20
5.025; 18
5.075; 29
5.125; 18
5.175; 21
5.225; 21
5.275; 18
5.325; 8
5.375; 17
5.425; 21
5.475; 17
5.525; 8
5.575; 11
5.625; 9
5.675; 3
5.725; 5
5.775; 6
5.825; 11
5.875; 9
5.925; 4
5.975; 6
6.025; 5
6.075; 6
6.125; 3
6.175; 4
6.225; 6
6.275; 4
6.325; 3
6.375; 3
6.425; 3
6.475; 6
6.525; 4
6.575; 3
6.625; 1
6.675; 4
6.725; 5
6.775; 4
6.825; 4
6.875; 3
6.925; 3
6.975; 2
7.025; 1
7.075; 2
7.125; 1
7.175; 3
7.225; 3
7.275; 3
7.325; 1
7.375; 1
7.425; 1
7.475; 1
7.525; 4
7.575; 3
7.625; 3
7.675; 3
7.725; 1
7.775; 2
7.825; 2
7.875; 2
7.925; 2
7.975; 5
8.025; 1
8.075; 0
8.125; 0
8.175; 0
8.225; 1
8.275; 4
8.325; 1
8.375; 0
8.425; 0
8.475; 2
8.525; 1
8.575; 5
8.625; 1
8.675; 0
8.725; 1
8.775; 1
8.825; 2
8.875; 3
8.925; 3
8.975; 1
9.025; 2
9.075; 2
9.125; 0
9.175; 2
9.225; 0
9.275; 1
9.325; 0
9.375; 2
9.425; 2
9.475; 3
9.525; 0
9.575; 1
9.625; 0
9.675; 2
9.725; 4
9.775; 1
9.825; 0
9.875; 3
9.925; 1
9.975; 0
10.025; 2
10.075; 0
10.125; 1
10.175; 0
10.225; 0
10.275; 1
10.325; 1
10.375; 1
10.425; 0
10.475; 2
10.525; 2
10.575; 0
10.625; 2
10.675; 2
10.725; 2
10.775; 0
10.825; 1
10.875; 1
10.925; 0
10.975; 0
11.025; 1
11.075; 1
11.125; 1
11.175; 1
11.225; 1
11.275; 1
11.325; 0
11.375; 0
11.425; 1
11.475; 0
11.525; 0
11.575; 1
11.625; 1
11.675; 1
11.725; 2
11.775; 1
11.825; 0
11.875; 2
11.925; 0
11.975; 0
12.025; 0
12.075; 0
12.125; 2
12.175; 0
12.225; 0
12.275; 0
12.325; 2
12.375; 2
12.425; 0
12.475; 1
12.525; 1
12.575; 0
12.625; 2
12.675; 0
12.725; 1
12.775; 0
12.825; 1
12.875; 0
12.925; 0
12.975; 2
13.025; 0
13.075; 0
13.125; 1
13.175; 0
13.225; 0
13.275; 0
13.325; 1
13.375; 0
13.425; 0
13.475; 0
13.525; 0
13.575; 0
13.625; 1
13.675; 1
13.725; 1
13.775; 0
13.825; 0
13.875; 1
13.925; 1
13.975; 0
14.025; 0
14.075; 0
14.125; 0
14.175; 2
14.225; 1
14.275; 0
14.325; 1
14.375; 0
14.425; 0
14.475; 2
14.525; 1
14.575; 0
14.625; 0
14.675; 0
14.725; 3
14.775; 1
14.825; 1
14.875; 0
14.925; 1
14.975; 0
15.025; 0
15.075; 0
15.125; 0
15.175; 0
15.225; 0
15.275; 1
15.325; 0
15.375; 2
15.425; 0
15.475; 1
15.525; 0
15.575; 1
15.625; 0
15.675; 0
15.725; 1
15.775; 1
15.825; 0
15.875; 0
15.925; 1
15.975; 0
16.025; 1
16.075; 0
16.125; 0
16.175; 0
16.225; 1
16.275; 0
16.325; 0
16.375; 0
16.425; 0
16.475; 1
16.525; 2
16.575; 0
16.625; 0
16.675; 0
16.725; 0
16.775; 2
16.825; 1
16.875; 0
16.925; 0
16.975; 0
17.025; 0
17.075; 0
17.125; 1
17.175; 1
17.225; 0
17.275; 0
17.325; 0
17.375; 0
17.425; 0
17.475; 0
17.525; 0
17.575; 0
17.625; 1
17.675; 0
17.725; 0
17.775; 0
17.825; 1
17.875; 0
17.925; 1
17.975; 0
18.025; 0
18.075; 0
18.125; 1
18.175; 0
18.225; 1
18.275; 3
18.325; 0
18.375; 0
18.425; 1
18.475; 0
18.525; 0
18.575; 0
18.625; 0
18.675; 0
18.725; 0
18.775; 0
18.825; 0
18.875; 0
18.925; 0
18.975; 0
19.025; 0
19.075; 0
19.125; 0
19.175; 0
19.225; 0
19.275; 0
19.325; 0
19.375; 0
19.425; 0
19.475; 0
19.525; 0
19.575; 0
19.625; 0
19.675; 0
19.725; 0
19.775; 0
19.825; 0
19.875; 0
19.925; 2
19.975; 0
20.025; 0
20.075; 0
20.125; 0
20.175; 0
20.225; 0
20.275; 0
20.325; 1
20.375; 0
20.425; 1
20.475; 0
20.525; 0
20.575; 0
20.625; 0
20.675; 0
20.725; 0
20.775; 0
20.825; 0
20.875; 2
20.925; 0
20.975; 0
21.025; 0
21.075; 0
21.125; 0
21.175; 0
21.225; 0
21.275; 0
21.325; 0
21.375; 0
21.425; 0
21.475; 0
21.525; 0
21.575; 0
21.625; 0
21.675; 0
21.725; 1
21.775; 0
21.825; 0
21.875; 0
21.925; 0
21.975; 0
22.025; 0
22.075; 1
22.125; 0
22.175; 0
22.225; 0
22.275; 1
22.325; 0
22.375; 0
22.425; 0
22.475; 0
22.525; 0
22.575; 1
22.625; 0
22.675; 0
22.725; 0
22.775; 0
22.825; 0
22.875; 1
22.925; 0
22.975; 0
23.025; 0
23.075; 0
23.125; 0
23.175; 0
23.225; 0
23.275; 0
23.325; 0
23.375; 0
23.425; 0
23.475; 1
23.525; 0
23.575; 0
23.625; 0
23.675; 0
23.725; 0
23.775; 1
23.825; 0
23.875; 0
23.925; 0
23.975; 0
24.025; 0
24.075; 0
24.125; 0
24.175; 1
24.225; 0
24.275; 1
24.325; 1
24.375; 1
24.425; 0
24.475; 1
24.525; 0
24.575; 0
24.625; 0
24.675; 0
24.725; 1
24.775; 0
24.825; 1
24.875; 0
24.925; 0
24.975; 1
25.025; 0
25.075; 0
25.125; 1
25.175; 0
25.225; 0
25.275; 0
25.325; 0
25.375; 0
25.425; 1
25.475; 0
25.525; 0
25.575; 1
25.625; 0
25.675; 0
25.725; 0
25.775; 0
25.825; 0
25.875; 0
25.925; 1
25.975; 0
26.025; 0
26.075; 0
26.125; 0
26.175; 1
26.225; 1
26.275; 0
26.325; 0
26.375; 1
26.425; 0
26.475; 0
26.525; 1
26.575; 0
26.625; 0
26.675; 0
26.725; 1
26.775; 0
26.825; 0
26.875; 0
26.925; 0
26.975; 0
27.025; 0
27.075; 0
27.125; 0
27.175; 0
27.225; 0
27.275; 0
27.325; 0
27.375; 0
27.425; 0
27.475; 0
27.525; 0
27.575; 0
27.625; 0
27.675; 2
27.725; 0
27.775; 0
27.825; 0
27.875; 0
27.925; 0
27.975; 0
28.025; 0
28.075; 0
28.125; 0
28.175; 1
28.225; 0
28.275; 0
28.325; 0
28.375; 0
28.425; 0
28.475; 1
28.525; 0
28.575; 0
28.625; 0
28.675; 0
28.725; 0
28.775; 0
28.825; 0
28.875; 0
28.925; 0
28.975; 0
29.025; 0
29.075; 0
29.125; 0
29.175; 1
29.225; 0
29.275; 0
29.325; 0
29.375; 1
29.425; 0
29.475; 0
29.525; 0
29.575; 0
29.625; 0
29.675; 0
29.725; 0
29.775; 0
29.825; 0
29.875; 0
29.925; 0
29.975; 0
30.025; 0
30.075; 0
30.125; 0
30.175; 0
30.225; 0
30.275; 0
30.325; 0
30.375; 0
30.425; 0
30.475; 0
30.525; 0
30.575; 0
30.625; 1
30.675; 0
30.725; 0
30.775; 0
30.825; 0
30.875; 0
30.925; 0
30.975; 0
31.025; 0
31.075; 0
31.125; 0
31.175; 0
31.225; 0
31.275; 0
31.325; 0
31.375; 0
31.425; 0
31.475; 0
31.525; 0
31.575; 0
31.625; 1
31.675; 1
31.725; 0
31.775; 0
31.825; 0
31.875; 0
31.925; 0
31.975; 0
32.025; 0
32.075; 0
32.125; 1
32.175; 0
32.225; 0
32.275; 0
32.325; 0
32.375; 0
32.425; 0
32.475; 0
32.525; 1
32.575; 0
32.625; 0
32.675; 0
32.725; 0
32.775; 0
32.825; 0
32.875; 0
32.925; 0
32.975; 0
33.025; 0
33.075; 0
33.125; 0
33.175; 1
33.225; 0
33.275; 0
33.325; 0
33.375; 0
33.425; 0
33.475; 0
33.525; 1
33.575; 0
33.625; 0
33.675; 0
33.725; 0
33.775; 0
33.825; 0
33.875; 0
33.925; 0
33.975; 0
34.025; 0
34.075; 0
34.125; 1
34.175; 0
34.225; 1
34.275; 0
34.325; 1
34.375; 0
34.425; 0
34.475; 0
34.525; 0
34.575; 0
34.625; 0
34.675; 0
34.725; 0
34.775; 0
34.825; 0
34.875; 0
34.925; 0
34.975; 0
35.025; 1
35.075; 0
35.125; 0
35.175; 0
35.225; 0
35.275; 1
35.325; 0
35.375; 0
35.425; 0
35.475; 0
35.525; 1
35.575; 0
35.625; 0
35.675; 0
35.725; 1
35.775; 0
35.825; 0
35.875; 0
35.925; 0
35.975; 1
36.025; 0
36.075; 0
36.125; 0
36.175; 0
36.225; 0
36.275; 0
36.325; 1
36.375; 0
36.425; 0
36.475; 0
36.525; 0
36.575; 0
36.625; 0
36.675; 0
36.725; 0
36.775; 0
36.825; 0
36.875; 0
36.925; 0
36.975; 0
37.025; 0
37.075; 1
37.125; 1
37.175; 0
37.225; 0
37.275; 0
37.325; 0
37.375; 0
37.425; 0
37.475; 0
37.525; 0
37.575; 0
37.625; 0
37.675; 0
37.725; 0
37.775; 0
37.825; 0
37.875; 0
37.925; 0
37.975; 0
38.025; 0
38.075; 0
38.125; 0
38.175; 0
38.225; 0
38.275; 0
38.325; 0
38.375; 0
38.425; 0
38.475; 0
38.525; 0
38.575; 0
38.625; 0
38.675; 0
38.725; 0
38.775; 0
38.825; 0
38.875; 0
38.925; 0
38.975; 1
39.025; 0
39.075; 0
39.125; 0
39.175; 0
39.225; 0
39.275; 0
39.325; 1
39.375; 0
39.425; 0
39.475; 0
39.525; 0
39.575; 0
39.625; 0
39.675; 0
39.725; 0
39.775; 0
39.825; 0
39.875; 0
39.925; 0
39.975; 0
40.025; 0
40.075; 0
40.125; 0
40.175; 0
40.225; 1
40.275; 0
40.325; 0
40.375; 0
40.425; 0
40.475; 0
40.525; 0
40.575; 0
40.625; 0
40.675; 0
40.725; 0
40.775; 0
40.825; 0
40.875; 0
40.925; 0
40.975; 0
41.025; 1
41.075; 0
41.125; 0
41.175; 0
41.225; 0
41.275; 0
41.325; 0
41.375; 0
41.425; 0
41.475; 0
41.525; 0
41.575; 0
41.625; 0
41.675; 0
41.725; 0
41.775; 0
41.825; 0
41.875; 0
41.925; 0
41.975; 0
42.025; 0
42.075; 0
42.125; 0
42.175; 0
42.225; 0
42.275; 0
42.325; 0
42.375; 0
42.425; 0
42.475; 0
42.525; 0
42.575; 0
42.625; 0
42.675; 0
42.725; 0
42.775; 0
42.825; 0
42.875; 0
42.925; 0
42.975; 0
43.025; 0
43.075; 0
43.125; 0
43.175; 0
43.225; 0
43.275; 0
43.325; 0
43.375; 0
43.425; 0
43.475; 0
43.525; 0
43.575; 0
43.625; 0
43.675; 0
43.725; 0
43.775; 0
43.825; 0
43.875; 0
43.925; 0
43.975; 0
44.025; 0
44.075; 1
44.125; 0
44.175; 0
44.225; 0
44.275; 0
44.325; 0
44.375; 0
44.425; 0
44.475; 0
44.525; 0
44.575; 0
44.625; 0
44.675; 1
44.725; 0
44.775; 0
44.825; 0
44.875; 0
44.925; 0
44.975; 0
45.025; 0
45.075; 0
45.125; 0
45.175; 0
45.225; 1
45.275; 0
45.325; 0
45.375; 0
45.425; 0
45.475; 0
45.525; 0
45.575; 0
45.625; 0
45.675; 0
45.725; 0
45.775; 0
45.825; 0
45.875; 0
45.925; 1
45.975; 0
46.025; 0
46.075; 1
46.125; 0
46.175; 0
46.225; 0
46.275; 0
46.325; 0
46.375; 0
46.425; 0
46.475; 0
46.525; 0
46.575; 0
46.625; 0
46.675; 0
46.725; 0
46.775; 0
46.825; 0
46.875; 0
46.925; 0
46.975; 0
47.025; 0
47.075; 0
47.125; 0
47.175; 0
47.225; 0
47.275; 0
47.325; 0
47.375; 1
47.425; 1
47.475; 0
47.525; 1
47.575; 0
47.625; 0
47.675; 0
47.725; 0
47.775; 0
47.825; 0
47.875; 0
47.925; 0
47.975; 0
48.025; 0
48.075; 0
48.125; 0
48.175; 0
48.225; 0
48.275; 0
48.325; 0
48.375; 0
48.425; 0
48.475; 0
48.525; 1
48.575; 0
48.625; 0
48.675; 0
48.725; 0
48.775; 0
48.825; 0
48.875; 0
48.925; 0
48.975; 1
49.025; 0
49.075; 0
49.125; 0
49.175; 0
49.225; 0
49.275; 0
49.325; 0
49.375; 0
49.425; 1
49.475; 0
49.525; 0
49.575; 0
49.625; 0
49.675; 0
49.725; 0
49.775; 0
49.825; 0
49.875; 0
49.925; 0
