0.0025; 2
0.0075; 9
0.0125; 7
0.0175; 5
0.0225; 9
0.0275; 7
0.0325; 2
0.0375; 1
0.0425; 3
0.0475; 6
0.0525; 5
0.0575; 4
0.0625; 7
0.0675; 3
0.0725; 6
0.0775; 3
0.0825; 0
0.0875; 6
0.0925; 4
0.0975; 1
0.1025; 4
0.1075; 3
0.1125; 2
0.1175; 2
0.1225; 4
0.1275; 7
0.1325; 6
0.1375; 7
0.1425; 5
0.1475; 3
0.1525; 4
0.1575; 2
0.1625; 2
0.1675; 5
0.1725; 4
0.1775; 4
0.1825; 5
0.1875; 1
0.1925; 3
0.1975; 3
0.2025; 1
0.2075; 5
0.2125; 3
0.2175; 1
0.2225; 2
0.2275; 5
0.2325; 5
0.2375; 4
0.2425; 1
0.2475; 3
0.2525; 5
0.2575; 2
0.2625; 5
0.2675; 4
0.2725; 3
0.2775; 3
0.2825; 0
0.2875; 5
0.2925; 5
0.2975; 2
0.3025; 4
0.3075; 4
0.3125; 6
0.3175; 5
0.3225; 0
0.3275; 5
0.3325; 1
0.3375; 3
0.3425; 3
0.3475; 3
0.3525; 2
0.3575; 3
0.3625; 1
0.3675; 4
0.3725; 2
0.3775; 1
0.3825; 0
0.3875; 3
0.3925; 0
0.3975; 3
0.4025; 2
0.4075; 3
0.4125; 4
0.4175; 3
0.4225; 5
0.4275; 4
0.4325; 4
0.4375; 2
0.4425; 3
0.4475; 2
0.4525; 3
0.4575; 3
0.4625; 5
0.4675; 6
0.4725; 3
0.4775; 7
0.4825; 2
0.4875; 4
0.4925; 7
0.4975; 2
0.5025; 4
0.5075; 6
0.5125; 6
0.5175; 4
0.5225; 4
0.5275; 4
0.5325; 5
0.5375; 5
0.5425; 6
0.5475; 0
0.5525; 1
0.5575; 6
0.5625; 1
0.5675; 6
0.5725; 2
0.5775; 7
0.5825; 6
0.5875; 17
0.5925; 13
0.5975; 19
0.6025; 21
0.6075; 36
0.6125; 58
0.6175; 79
0.6225; 115
0.6275; 163
0.6325; 218
0.6375; 239
0.6425; 340
0.6475; 388
0.6525; 497
0.6575; 523
0.6625; 655
0.6675; 710
0.6725; 806
0.6775; 911
0.6825; 951
0.6875; 953
0.6925; 1007
0.6975; 1024
0.7025; 1031
0.7075; 1136
0.7125; 1107
0.7175; 1107
0.7225; 1088
0.7275; 1103
0.7325; 1132
0.7375; 1070
0.7425; 1016
0.7475; 984
0.7525; 1022
0.7575; 962
0.7625; 967
0.7675; 929
0.7725; 834
0.7775; 849
0.7825; 823
0.7875; 792
0.7925; 743
0.7975; 765
0.8025; 683
0.8075; 657
0.8125; 647
0.8175; 705
0.8225; 601
0.8275; 610
0.8325; 561
0.8375; 528
0.8425; 543
0.8475; 489
0.8525; 519
0.8575; 487
0.8625; 479
0.8675; 436
0.8725; 453
0.8775; 432
0.8825; 410
0.8875; 406
0.8925; 366
0.8975; 328
0.9025; 366
0.9075; 314
0.9125; 312
0.9175; 313
0.9225; 309
0.9275; 299
0.9325; 285
0.9375; 277
0.9425; 293
0.9475; 245
0.9525; 249
0.9575; 246
0.9625; 254
0.9675; 219
0.9725; 210
0.9775; 227
0.9825; 221
0.9875; 204
0.9925; 223
0.9975; 200
1.0025; 175
1.0075; 177
1.0125; 173
1.0175; 176
1.0225; 183
1.0275; 171
1.0325; 167
1.0375; 188
1.0425; 128
1.0475; 150
1.0525; 136
1.0575; 135
1.0625; 146
1.0675; 135
1.0725; 131
1.0775; 131
1.0825; 118
1.0875; 139
1.0925; 110
1.0975; 131
1.1025; 116
1.1075; 116
1.1125; 111
1.1175; 110
1.1225; 109
1.1275; 108
1.1325; 89
1.1375; 79
1.1425; 108
1.1475; 81
1.1525; 107
1.1575; 98
1.1625; 84
1.1675; 88
1.1725; 85
1.1775; 74
1.1825; 68
1.1875; 92
1.1925; 60
1.1975; 69
1.2025; 61
1.2075; 72
1.2125; 66
1.2175; 67
1.2225; 65
1.2275; 61
1.2325; 59
1.2375; 51
1.2425; 62
1.2475; 57
1.2525; 64
1.2575; 55
1.2625; 42
1.2675; 57
1.2725; 63
1.2775; 60
1.2825; 60
1.2875; 56
1.2925; 57
1.2975; 39
1.3025; 48
1.3075; 59
1.3125; 41
1.3175; 37
1.3225; 42
1.3275; 43
1.3325; 30
1.3375; 38
1.3425; 50
1.3475; 33
1.3525; 40
1.3575; 41
1.3625; 33
1.3675; 34
1.3725; 38
1.3775; 25
1.3825; 34
1.3875; 29
1.3925; 33
1.3975; 37
1.4025; 33
1.4075; 24
1.4125; 30
1.4175; 33
1.4225; 27
1.4275; 23
1.4325; 35
1.4375; 31
1.4425; 25
1.4475; 27
1.4525; 20
1.4575; 22
1.4625; 22
1.4675; 22
1.4725; 28
1.4775; 21
1.4825; 18
1.4875; 24
1.4925; 27
1.4975; 30
1.5025; 22
1.5075; 20
1.5125; 30
1.5175; 27
1.5225; 26
1.5275; 20
1.5325; 20
1.5375; 19
1.5425; 26
1.5475; 23
1.5525; 22
1.5575; 22
1.5625; 21
1.5675; 15
1.5725; 14
1.5775; 13
1.5825; 17
1.5875; 12
1.5925; 10
1.5975; 24
1.6025; 18
1.6075; 17
1.6125; 18
1.6175; 15
1.6225; 15
1.6275; 11
1.6325; 19
1.6375; 27
1.6425; 8
1.6475; 17
1.6525; 12
1.6575; 19
1.6625; 10
1.6675; 16
1.6725; 17
1.6775; 21
1.6825; 10
1.6875; 16
1.6925; 11
1.6975; 18
1.7025; 7
1.7075; 17
1.7125; 10
1.7175; 11
1.7225; 12
1.7275; 18
1.7325; 9
1.7375; 9
1.7425; 20
1.7475; 14
1.7525; 8
1.7575; 17
1.7625; 19
1.7675; 9
1.7725; 9
1.7775; 8
1.7825; 12
1.7875; 12
1.7925; 10
1.7975; 16
1.8025; 6
1.8075; 6
1.8125; 15
1.8175; 9
1.8225; 4
1.8275; 16
1.8325; 6
1.8375; 6
1.8425; 8
1.8475; 8
1.8525; 7
1.8575; 9
1.8625; 7
1.8675; 5
1.8725; 6
1.8775; 11
1.8825; 8
1.8875; 7
1.8925; 6
1.8975; 10
1.9025; 7
1.9075; 5
1.9125; 13
1.9175; 7
1.9225; 10
1.9275; 13
1.9325; 9
1.9375; 10
1.9425; 12
1.9475; 7
1.9525; 10
1.9575; 9
1.9625; 5
1.9675; 11
1.9725; 6
1.9775; 9
1.9825; 13
1.9875; 8
1.9925; 9
1.9975; 7
2.0025; 7
2.0075; 5
2.0125; 2
2.0175; 10
2.0225; 6
2.0275; 8
2.0325; 4
2.0375; 8
2.0425; 9
2.0475; 5
2.0525; 10
2.0575; 3
2.0625; 6
2.0675; 5
2.0725; 11
2.0775; 6
2.0825; 10
2.0875; 3
2.0925; 8
2.0975; 4
2.1025; 6
2.1075; 7
2.1125; 8
2.1175; 3
2.1225; 5
2.1275; 5
2.1325; 5
2.1375; 4
2.1425; 6
2.1475; 5
2.1525; 8
2.1575; 4
2.1625; 5
2.1675; 5
2.1725; 4
2.1775; 7
2.1825; 8
2.1875; 4
2.1925; 4
2.1975; 4
2.2025; 2
2.2075; 7
2.2125; 7
2.2175; 3
2.2225; 2
2.2275; 4
2.2325; 4
2.2375; 3
2.2425; 5
2.2475; 7
2.2525; 2
2.2575; 3
2.2625; 5
2.2675; 1
2.2725; 4
2.2775; 2
2.2825; 9
2.2875; 2
2.2925; 3
2.2975; 5
2.3025; 6
2.3075; 3
2.3125; 2
2.3175; 9
2.3225; 2
2.3275; 6
2.3325; 6
2.3375; 8
2.3425; 5
2.3475; 2
2.3525; 4
2.3575; 5
2.3625; 7
2.3675; 0
2.3725; 2
2.3775; 2
2.3825; 4
2.3875; 0
2.3925; 4
2.3975; 3
2.4025; 6
2.4075; 4
2.4125; 3
2.4175; 2
2.4225; 3
2.4275; 3
2.4325; 6
2.4375; 6
2.4425; 3
2.4475; 6
2.4525; 8
2.4575; 5
2.4625; 2
2.4675; 4
2.4725; 5
2.4775; 4
2.4825; 3
2.4875; 2
2.4925; 2
2.4975; 1
2.5025; 1
2.5075; 4
2.5125; 5
2.5175; 5
2.5225; 3
2.5275; 2
2.5325; 4
2.5375; 3
2.5425; 1
2.5475; 2
2.5525; 5
2.5575; 2
2.5625; 1
2.5675; 7
2.5725; 4
2.5775; 4
2.5825; 4
2.5875; 3
2.5925; 6
2.5975; 4
2.6025; 5
2.6075; 0
2.6125; 2
2.6175; 5
2.6225; 3
2.6275; 3
2.6325; 2
2.6375; 3
2.6425; 2
2.6475; 6
2.6525; 5
2.6575; 4
2.6625; 3
2.6675; 4
2.6725; 3
2.6775; 3
2.6825; 4
2.6875; 3
2.6925; 9
2.6975; 6
2.7025; 6
2.7075; 4
2.7125; 1
2.7175; 4
2.7225; 7
2.7275; 4
2.7325; 6
2.7375; 1
2.7425; 3
2.7475; 3
2.7525; 2
2.7575; 4
2.7625; 0
2.7675; 4
2.7725; 4
2.7775; 2
2.7825; 2
2.7875; 6
2.7925; 3
2.7975; 5
2.8025; 3
2.8075; 3
2.8125; 3
2.8175; 1
2.8225; 2
2.8275; 2
2.8325; 0
2.8375; 7
2.8425; 4
2.8475; 4
2.8525; 2
2.8575; 1
2.8625; 0
2.8675; 1
2.8725; 3
2.8775; 2
2.8825; 6
2.8875; 3
2.8925; 2
2.8975; 1
2.9025; 2
2.9075; 2
2.9125; 2
2.9175; 5
2.9225; 2
2.9275; 1
2.9325; 3
2.9375; 2
2.9425; 1
2.9475; 4
2.9525; 6
2.9575; 4
2.9625; 4
2.9675; 2
2.9725; 2
2.9775; 0
2.9825; 5
2.9875; 2
2.9925; 1
2.9975; 3
3.0025; 2
3.0075; 0
3.0125; 3
3.0175; 4
3.0225; 9
3.0275; 4
3.0325; 2
3.0375; 6
3.0425; 5
3.0475; 5
3.0525; 4
3.0575; 1
3.0625; 5
3.0675; 2
3.0725; 1
3.0775; 5
3.0825; 6
3.0875; 1
3.0925; 2
3.0975; 3
3.1025; 1
3.1075; 1
3.1125; 3
3.1175; 1
3.1225; 2
3.1275; 3
3.1325; 5
3.1375; 2
3.1425; 0
3.1475; 2
3.1525; 5
3.1575; 2
3.1625; 3
3.1675; 1
3.1725; 4
3.1775; 1
3.1825; 4
3.1875; 6
3.1925; 1
3.1975; 5
3.2025; 0
3.2075; 5
3.2125; 2
3.2175; 4
3.2225; 2
3.2275; 3
3.2325; 2
3.2375; 2
3.2425; 5
3.2475; 1
3.2525; 4
3.2575; 3
3.2625; 1
3.2675; 0
3.2725; 2
3.2775; 4
3.2825; 5
3.2875; 3
3.2925; 3
3.2975; 4
3.3025; 3
3.3075; 2
3.3125; 2
3.3175; 2
3.3225; 1
3.3275; 2
3.3325; 1
3.3375; 0
3.3425; 2
3.3475; 1
3.3525; 1
3.3575; 1
3.3625; 0
3.3675; 1
3.3725; 4
3.3775; 1
3.3825; 2
3.3875; 2
3.3925; 1
3.3975; 3
3.4025; 5
3.4075; 4
3.4125; 1
3.4175; 5
3.4225; 2
3.4275; 4
3.4325; 1
3.4375; 0
3.4425; 2
3.4475; 3
3.4525; 4
3.4575; 2
3.4625; 3
3.4675; 1
3.4725; 0
3.4775; 0
3.4825; 2
3.4875; 0
3.4925; 1
3.4975; 3
3.5025; 3
3.5075; 2
3.5125; 1
3.5175; 1
3.5225; 4
3.5275; 3
3.5325; 1
3.5375; 4
3.5425; 1
3.5475; 2
3.5525; 2
3.5575; 0
3.5625; 0
3.5675; 1
3.5725; 5
3.5775; 4
3.5825; 0
3.5875; 1
3.5925; 1
3.5975; 5
3.6025; 2
3.6075; 2
3.6125; 1
3.6175; 1
3.6225; 2
3.6275; 1
3.6325; 4
3.6375; 1
3.6425; 3
3.6475; 4
3.6525; 0
3.6575; 3
3.6625; 1
3.6675; 2
3.6725; 2
3.6775; 3
3.6825; 2
3.6875; 2
3.6925; 2
3.6975; 3
3.7025; 2
3.7075; 1
3.7125; 1
3.7175; 5
3.7225; 2
3.7275; 0
3.7325; 4
3.7375; 2
3.7425; 3
3.7475; 3
3.7525; 2
3.7575; 4
3.7625; 3
3.7675; 4
3.7725; 4
3.7775; 0
3.7825; 0
3.7875; 2
3.7925; 2
3.7975; 3
3.8025; 1
3.8075; 2
3.8125; 3
3.8175; 2
3.8225; 0
3.8275; 2
3.8325; 0
3.8375; 2
3.8425; 2
3.8475; 0
3.8525; 2
3.8575; 0
3.8625; 1
3.8675; 0
3.8725; 0
3.8775; 2
3.8825; 1
3.8875; 1
3.8925; 2
3.8975; 1
3.9025; 2
3.9075; 4
3.9125; 3
3.9175; 0
3.9225; 2
3.9275; 1
3.9325; 1
3.9375; 2
3.9425; 2
3.9475; 3
3.9525; 1
3.9575; 1
3.9625; 1
3.9675; 1
3.9725; 4
3.9775; 2
3.9825; 2
3.9875; 2
3.9925; 1
3.9975; 3
4.0025; 1
4.0075; 4
4.0125; 0
4.0175; 1
4.0225; 3
4.0275; 3
4.0325; 1
4.0375; 1
4.0425; 4
4.0475; 2
4.0525; 2
4.0575; 2
4.0625; 3
4.0675; 1
4.0725; 1
4.0775; 2
4.0825; 1
4.0875; 1
4.0925; 0
4.0975; 0
4.1025; 4
4.1075; 1
4.1125; 3
4.1175; 0
4.1225; 2
4.1275; 1
4.1325; 2
4.1375; 1
4.1425; 3
4.1475; 1
4.1525; 0
4.1575; 1
4.1625; 1
4.1675; 2
4.1725; 0
4.1775; 4
4.1825; 1
4.1875; 1
4.1925; 1
4.1975; 1
4.2025; 0
4.2075; 1
4.2125; 1
4.2175; 0
4.2225; 2
4.2275; 1
4.2325; 0
4.2375; 1
4.2425; 3
4.2475; 3
4.2525; 1
4.2575; 2
4.2625; 2
4.2675; 2
4.2725; 0
4.2775; 1
4.2825; 2
4.2875; 3
4.2925; 1
4.2975; 2
4.3025; 2
4.3075; 1
4.3125; 1
4.3175; 1
4.3225; 1
4.3275; 1
4.3325; 2
4.3375; 1
4.3425; 0
4.3475; 1
4.3525; 4
4.3575; 3
4.3625; 1
4.3675; 1
4.3725; 3
4.3775; 1
4.3825; 0
4.3875; 0
4.3925; 0
4.3975; 1
4.4025; 0
4.4075; 1
4.4125; 3
4.4175; 1
4.4225; 0
4.4275; 0
4.4325; 3
4.4375; 3
4.4425; 1
4.4475; 1
4.4525; 1
4.4575; 4
4.4625; 0
4.4675; 1
4.4725; 0
4.4775; 1
4.4825; 3
4.4875; 3
4.4925; 2
4.4975; 2
4.5025; 0
4.5075; 0
4.5125; 0
4.5175; 2
4.5225; 1
4.5275; 0
4.5325; 2
4.5375; 1
4.5425; 0
4.5475; 1
4.5525; 1
4.5575; 1
4.5625; 1
4.5675; 0
4.5725; 1
4.5775; 2
4.5825; 0
4.5875; 1
4.5925; 0
4.5975; 0
4.6025; 3
4.6075; 1
4.6125; 3
4.6175; 1
4.6225; 0
4.6275; 2
4.6325; 0
4.6375; 1
4.6425; 0
4.6475; 0
4.6525; 1
4.6575; 0
4.6625; 1
4.6675; 1
4.6725; 0
4.6775; 1
4.6825; 2
4.6875; 0
4.6925; 1
4.6975; 0
4.7025; 0
4.7075; 2
4.7125; 1
4.7175; 0
4.7225; 0
4.7275; 1
4.7325; 0
4.7375; 3
4.7425; 2
4.7475; 1
4.7525; 1
4.7575; 1
4.7625; 2
4.7675; 5
4.7725; 0
4.7775; 1
4.7825; 1
4.7875; 0
4.7925; 0
4.7975; 2
4.8025; 2
4.8075; 2
4.8125; 2
4.8175; 2
4.8225; 3
4.8275; 0
4.8325; 1
4.8375; 0
4.8425; 1
4.8475; 2
4.8525; 2
4.8575; 1
4.8625; 0
4.8675; 1
4.8725; 0
4.8775; 1
4.8825; 1
4.8875; 2
4.8925; 1
4.8975; 2
4.9025; 1
4.9075; 2
4.9125; 0
4.9175; 0
4.9225; 4
4.9275; 2
4.9325; 0
4.9375; 1
4.9425; 0
4.9475; 5
4.9525; 0
4.9575; 1
4.9625; 1
4.9675; 0
4.9725; 0
4.9775; 3
4.9825; 1
4.9875; 1
4.9925; 0
