0.0025; 47
0.0075; 37
0.0125; 27
0.0175; 30
0.0225; 24
0.0275; 19
0.0325; 32
0.0375; 35
0.0425; 33
0.0475; 31
0.0525; 22
0.0575; 27
0.0625; 21
0.0675; 24
0.0725; 31
0.0775; 26
0.0825; 24
0.0875; 29
0.0925; 22
0.0975; 21
0.1025; 28
0.1075; 22
0.1125; 22
0.1175; 36
0.1225; 19
0.1275; 18
0.1325; 27
0.1375; 26
0.1425; 28
0.1475; 28
0.1525; 30
0.1575; 13
0.1625; 29
0.1675; 25
0.1725; 20
0.1775; 27
0.1825; 38
0.1875; 30
0.1925; 29
0.1975; 25
0.2025; 21
0.2075; 33
0.2125; 30
0.2175; 23
0.2225; 33
0.2275; 24
0.2325; 30
0.2375; 24
0.2425; 24
0.2475; 17
0.2525; 25
0.2575; 21
0.2625; 28
0.2675; 29
0.2725; 19
0.2775; 20
0.2825; 24
0.2875; 20
0.2925; 29
0.2975; 29
0.3025; 28
0.3075; 29
0.3125; 29
0.3175; 16
0.3225; 24
0.3275; 19
0.3325; 26
0.3375; 16
0.3425; 34
0.3475; 23
0.3525; 22
0.3575; 23
0.3625; 30
0.3675; 31
0.3725; 28
0.3775; 29
0.3825; 27
0.3875; 25
0.3925; 30
0.3975; 18
0.4025; 36
0.4075; 20
0.4125; 23
0.4175; 30
0.4225; 33
0.4275; 38
0.4325; 23
0.4375; 30
0.4425; 28
0.4475; 30
0.4525; 12
0.4575; 25
0.4625; 38
0.4675; 15
0.4725; 33
0.4775; 27
0.4825; 25
0.4875; 24
0.4925; 34
0.4975; 29
0.5025; 35
0.5075; 25
0.5125; 46
0.5175; 36
0.5225; 46
0.5275; 34
0.5325; 39
0.5375; 49
0.5425; 54
0.5475; 46
0.5525; 63
0.5575; 64
0.5625; 52
0.5675; 92
0.5725; 70
0.5775; 61
0.5825; 86
0.5875; 79
0.5925; 76
0.5975; 72
0.6025; 75
0.6075; 88
0.6125; 92
0.6175; 90
0.6225; 97
0.6275; 107
0.6325; 105
0.6375; 101
0.6425; 104
0.6475; 88
0.6525; 99
0.6575; 102
0.6625; 112
0.6675; 80
0.6725; 87
0.6775; 112
0.6825; 113
0.6875; 106
0.6925; 108
0.6975; 96
0.7025; 89
0.7075; 95
0.7125; 102
0.7175; 101
0.7225; 90
0.7275; 94
0.7325; 88
0.7375; 87
0.7425; 85
0.7475; 86
0.7525; 108
0.7575; 103
0.7625; 87
0.7675; 90
0.7725; 95
0.7775; 100
0.7825; 94
0.7875; 85
0.7925; 71
0.7975; 78
0.8025; 72
0.8075; 82
0.8125; 95
0.8175; 81
0.8225; 91
0.8275; 82
0.8325; 82
0.8375; 81
0.8425; 70
0.8475; 67
0.8525; 77
0.8575; 68
0.8625; 78
0.8675; 62
0.8725; 70
0.8775; 59
0.8825; 78
0.8875; 68
0.8925; 74
0.8975; 61
0.9025; 61
0.9075; 71
0.9125; 63
0.9175; 78
0.9225; 52
0.9275; 59
0.9325; 73
0.9375; 81
0.9425; 54
0.9475; 56
0.9525; 61
0.9575; 70
0.9625; 58
0.9675; 66
0.9725; 66
0.9775; 64
0.9825; 75
0.9875; 58
0.9925; 50
0.9975; 43
1.0025; 51
1.0075; 56
1.0125; 59
1.0175; 48
1.0225; 40
1.0275; 51
1.0325; 45
1.0375; 56
1.0425; 62
1.0475; 34
1.0525; 47
1.0575; 57
1.0625; 52
1.0675; 39
1.0725; 39
1.0775; 40
1.0825; 55
1.0875; 46
1.0925; 40
1.0975; 46
1.1025; 42
1.1075; 39
1.1125; 42
1.1175; 48
1.1225; 47
1.1275; 29
1.1325; 36
1.1375; 39
1.1425; 35
1.1475; 37
1.1525; 32
1.1575; 35
1.1625; 40
1.1675; 27
1.1725; 38
1.1775; 32
1.1825; 31
1.1875; 30
1.1925; 23
1.1975; 39
1.2025; 32
1.2075; 32
1.2125; 25
1.2175; 26
1.2225; 31
1.2275; 31
1.2325; 39
1.2375; 28
1.2425; 37
1.2475; 29
1.2525; 31
1.2575; 20
1.2625; 29
1.2675; 26
1.2725; 40
1.2775; 27
1.2825; 22
1.2875; 31
1.2925; 25
1.2975; 27
1.3025; 33
1.3075; 18
1.3125; 28
1.3175; 21
1.3225; 28
1.3275; 23
1.3325; 22
1.3375; 34
1.3425; 19
1.3475; 17
1.3525; 17
1.3575; 35
1.3625; 21
1.3675; 21
1.3725; 24
1.3775; 24
1.3825; 24
1.3875; 17
1.3925; 22
1.3975; 25
1.4025; 32
1.4075; 20
1.4125; 20
1.4175; 19
1.4225; 27
1.4275; 25
1.4325; 15
1.4375; 15
1.4425; 18
1.4475; 23
1.4525; 17
1.4575; 26
1.4625; 19
1.4675; 16
1.4725; 17
1.4775; 17
1.4825; 17
1.4875; 16
1.4925; 14
1.4975; 22
1.5025; 15
1.5075; 14
1.5125; 15
1.5175; 13
1.5225; 20
1.5275; 12
1.5325; 15
1.5375; 17
1.5425; 21
1.5475; 12
1.5525; 12
1.5575; 16
1.5625; 16
1.5675; 13
1.5725; 15
1.5775; 13
1.5825; 21
1.5875; 18
1.5925; 19
1.5975; 16
1.6025; 13
1.6075; 14
1.6125; 13
1.6175; 18
1.6225; 23
1.6275; 12
1.6325; 12
1.6375; 12
1.6425; 12
1.6475; 19
1.6525; 13
1.6575; 15
1.6625; 15
1.6675; 15
1.6725; 13
1.6775; 11
1.6825; 9
1.6875; 10
1.6925; 16
1.6975; 22
1.7025; 13
1.7075; 11
1.7125; 10
1.7175; 21
1.7225; 12
1.7275; 8
1.7325; 13
1.7375; 7
1.7425; 12
1.7475; 13
1.7525; 16
1.7575; 12
1.7625; 13
1.7675; 13
1.7725; 17
1.7775; 5
1.7825; 14
1.7875; 16
1.7925; 16
1.7975; 8
1.8025; 7
1.8075; 19
1.8125; 16
1.8175; 11
1.8225; 7
1.8275; 10
1.8325; 6
1.8375; 12
1.8425; 12
1.8475; 8
1.8525; 11
1.8575; 12
1.8625; 20
1.8675; 7
1.8725; 11
1.8775; 15
1.8825; 11
1.8875; 9
1.8925; 8
1.8975; 7
1.9025; 10
1.9075; 13
1.9125; 7
1.9175; 14
1.9225; 10
1.9275; 12
1.9325; 11
1.9375; 15
1.9425; 9
1.9475; 4
1.9525; 10
1.9575; 4
1.9625; 12
1.9675; 14
1.9725; 11
1.9775; 11
1.9825; 13
1.9875; 15
1.9925; 7
1.9975; 5
2.0025; 8
2.0075; 12
2.0125; 9
2.0175; 9
2.0225; 5
2.0275; 15
2.0325; 8
2.0375; 7
2.0425; 7
2.0475; 7
2.0525; 8
2.0575; 7
2.0625; 9
2.0675; 7
2.0725; 9
2.0775; 8
2.0825; 11
2.0875; 10
2.0925; 7
2.0975; 10
2.1025; 7
2.1075; 7
2.1125; 6
2.1175; 10
2.1225; 7
2.1275; 10
2.1325; 9
2.1375; 9
2.1425; 10
2.1475; 6
2.1525; 4
2.1575; 6
2.1625; 10
2.1675; 4
2.1725; 5
2.1775; 9
2.1825; 7
2.1875; 7
2.1925; 6
2.1975; 10
2.2025; 6
2.2075; 8
2.2125; 3
2.2175; 8
2.2225; 8
2.2275; 8
2.2325; 6
2.2375; 7
2.2425; 10
2.2475; 12
2.2525; 5
2.2575; 4
2.2625; 5
2.2675; 2
2.2725; 8
2.2775; 2
2.2825; 3
2.2875; 7
2.2925; 6
2.2975; 8
2.3025; 3
2.3075; 5
2.3125; 8
2.3175; 5
2.3225; 2
2.3275; 3
2.3325; 8
2.3375; 9
2.3425; 8
2.3475; 4
2.3525; 4
2.3575; 6
2.3625; 4
2.3675; 3
2.3725; 7
2.3775; 8
2.3825; 3
2.3875; 9
2.3925; 3
2.3975; 2
2.4025; 5
2.4075; 2
2.4125; 4
2.4175; 1
2.4225; 5
2.4275; 7
2.4325; 8
2.4375; 2
2.4425; 4
2.4475; 5
2.4525; 6
2.4575; 3
2.4625; 5
2.4675; 6
2.4725; 2
2.4775; 8
2.4825; 5
2.4875; 4
2.4925; 6
2.4975; 8
2.5025; 3
2.5075; 8
2.5125; 4
2.5175; 7
2.5225; 5
2.5275; 3
2.5325; 3
2.5375; 0
2.5425; 2
2.5475; 3
2.5525; 4
2.5575; 1
2.5625; 6
2.5675; 6
2.5725; 3
2.5775; 4
2.5825; 4
2.5875; 11
2.5925; 4
2.5975; 3
2.6025; 4
2.6075; 8
2.6125; 9
2.6175; 4
2.6225; 5
2.6275; 6
2.6325; 5
2.6375; 4
2.6425; 6
2.6475; 2
2.6525; 5
2.6575; 3
2.6625; 4
2.6675; 7
2.6725; 3
2.6775; 4
2.6825; 4
2.6875; 3
2.6925; 6
2.6975; 1
2.7025; 6
2.7075; 5
2.7125; 4
2.7175; 6
2.7225; 3
2.7275; 7
2.7325; 9
2.7375; 6
2.7425; 4
2.7475; 7
2.7525; 4
2.7575; 3
2.7625; 5
2.7675; 5
2.7725; 6
2.7775; 4
2.7825; 1
2.7875; 4
2.7925; 7
2.7975; 5
2.8025; 2
2.8075; 1
2.8125; 4
2.8175; 4
2.8225; 1
2.8275; 2
2.8325; 2
2.8375; 5
2.8425; 4
2.8475; 3
2.8525; 2
2.8575; 8
2.8625; 5
2.8675; 6
2.8725; 2
2.8775; 3
2.8825; 2
2.8875; 1
2.8925; 3
2.8975; 5
2.9025; 2
2.9075; 3
2.9125; 1
2.9175; 2
2.9225; 4
2.9275; 3
2.9325; 1
2.9375; 2
2.9425; 6
2.9475; 6
2.9525; 3
2.9575; 3
2.9625; 2
2.9675; 2
2.9725; 5
2.9775; 1
2.9825; 3
2.9875; 5
2.9925; 4
2.9975; 3
3.0025; 2
3.0075; 3
3.0125; 5
3.0175; 1
3.0225; 5
3.0275; 3
3.0325; 0
3.0375; 1
3.0425; 1
3.0475; 4
3.0525; 1
3.0575; 0
3.0625; 2
3.0675; 4
3.0725; 7
3.0775; 0
3.0825; 0
3.0875; 1
3.0925; 4
3.0975; 2
3.1025; 2
3.1075; 4
3.1125; 5
3.1175; 4
3.1225; 2
3.1275; 2
3.1325; 1
3.1375; 2
3.1425; 4
3.1475; 3
3.1525; 2
3.1575; 2
3.1625; 4
3.1675; 1
3.1725; 3
3.1775; 0
3.1825; 0
3.1875; 3
3.1925; 1
3.1975; 3
3.2025; 3
3.2075; 1
3.2125; 1
3.2175; 0
3.2225; 3
3.2275; 3
3.2325; 3
3.2375; 2
3.2425; 1
3.2475; 3
3.2525; 2
3.2575; 2
3.2625; 0
3.2675; 5
3.2725; 7
3.2775; 1
3.2825; 2
3.2875; 3
3.2925; 8
3.2975; 7
3.3025; 4
3.3075; 2
3.3125; 2
3.3175; 3
3.3225; 1
3.3275; 2
3.3325; 1
3.3375; 1
3.3425; 5
3.3475; 7
3.3525; 2
3.3575; 5
3.3625; 1
3.3675; 3
3.3725; 2
3.3775; 2
3.3825; 3
3.3875; 2
3.3925; 2
3.3975; 4
3.4025; 4
3.4075; 1
3.4125; 2
3.4175; 4
3.4225; 4
3.4275; 2
3.4325; 2
3.4375; 3
3.4425; 2
3.4475; 0
3.4525; 2
3.4575; 0
3.4625; 2
3.4675; 3
3.4725; 6
3.4775; 4
3.4825; 2
3.4875; 2
3.4925; 3
3.4975; 2
3.5025; 2
3.5075; 4
3.5125; 0
3.5175; 2
3.5225; 2
3.5275; 7
3.5325; 2
3.5375; 2
3.5425; 1
3.5475; 3
3.5525; 2
3.5575; 0
3.5625; 1
3.5675; 1
3.5725; 5
3.5775; 2
3.5825; 1
3.5875; 2
3.5925; 1
3.5975; 0
3.6025; 0
3.6075; 4
3.6125; 2
3.6175; 2
3.6225; 1
3.6275; 1
3.6325; 1
3.6375; 1
3.6425; 2
3.6475; 1
3.6525; 2
3.6575; 0
3.6625; 1
3.6675; 2
3.6725; 2
3.6775; 4
3.6825; 3
3.6875; 0
3.6925; 4
3.6975; 2
3.7025; 3
3.7075; 0
3.7125; 0
3.7175; 1
3.7225; 2
3.7275; 1
3.7325; 2
3.7375; 0
3.7425; 3
3.7475; 2
3.7525; 1
3.7575; 1
3.7625; 1
3.7675; 0
3.7725; 0
3.7775; 1
3.7825; 1
3.7875; 5
3.7925; 2
3.7975; 5
3.8025; 1
3.8075; 2
3.8125; 1
3.8175; 3
3.8225; 1
3.8275; 1
3.8325; 1
3.8375; 1
3.8425; 0
3.8475; 3
3.8525; 1
3.8575; 4
3.8625; 1
3.8675; 0
3.8725; 3
3.8775; 3
3.8825; 1
3.8875; 2
3.8925; 1
3.8975; 1
3.9025; 1
3.9075; 2
3.9125; 2
3.9175; 4
3.9225; 0
3.9275; 0
3.9325; 1
3.9375; 2
3.9425; 1
3.9475; 2
3.9525; 3
3.9575; 3
3.9625; 2
3.9675; 4
3.9725; 0
3.9775; 2
3.9825; 2
3.9875; 4
3.9925; 5
3.9975; 0
4.0025; 3
4.0075; 1
4.0125; 0
4.0175; 0
4.0225; 1
4.0275; 1
4.0325; 0
4.0375; 3
4.0425; 3
4.0475; 1
4.0525; 0
4.0575; 1
4.0625; 4
4.0675; 2
4.0725; 1
4.0775; 1
4.0825; 2
4.0875; 4
4.0925; 2
4.0975; 0
4.1025; 0
4.1075; 1
4.1125; 2
4.1175; 2
4.1225; 0
4.1275; 1
4.1325; 2
4.1375; 1
4.1425; 0
4.1475; 1
4.1525; 1
4.1575; 1
4.1625; 4
4.1675; 1
4.1725; 0
4.1775; 2
4.1825; 4
4.1875; 3
4.1925; 1
4.1975; 0
4.2025; 1
4.2075; 1
4.2125; 0
4.2175; 2
4.2225; 1
4.2275; 2
4.2325; 0
4.2375; 1
4.2425; 2
4.2475; 2
4.2525; 1
4.2575; 4
4.2625; 1
4.2675; 2
4.2725; 2
4.2775; 1
4.2825; 2
4.2875; 3
4.2925; 0
4.2975; 1
4.3025; 0
4.3075; 2
4.3125; 2
4.3175; 1
4.3225; 3
4.3275; 1
4.3325; 1
4.3375; 2
4.3425; 2
4.3475; 1
4.3525; 0
4.3575; 4
4.3625; 1
4.3675; 1
4.3725; 1
4.3775; 2
4.3825; 2
4.3875; 2
4.3925; 0
4.3975; 0
4.4025; 1
4.4075; 1
4.4125; 0
4.4175; 1
4.4225; 0
4.4275; 1
4.4325; 1
4.4375; 1
4.4425; 0
4.4475; 1
4.4525; 1
4.4575; 2
4.4625; 3
4.4675; 2
4.4725; 0
4.4775; 1
4.4825; 0
4.4875; 2
4.4925; 1
4.4975; 2
4.5025; 4
4.5075; 2
4.5125; 1
4.5175; 2
4.5225; 2
4.5275; 0
4.5325; 1
4.5375; 1
4.5425; 1
4.5475; 3
4.5525; 0
4.5575; 1
4.5625; 2
4.5675; 1
4.5725; 1
4.5775; 1
4.5825; 2
4.5875; 1
4.5925; 1
4.5975; 1
4.6025; 1
4.6075; 3
4.6125; 1
4.6175; 3
4.6225; 1
4.6275; 0
4.6325; 0
4.6375; 1
4.6425; 3
4.6475; 0
4.6525; 2
4.6575; 1
4.6625; 0
4.6675; 2
4.6725; 0
4.6775; 0
4.6825; 3
4.6875; 1
4.6925; 1
4.6975; 2
4.7025; 1
4.7075; 3
4.7125; 1
4.7175; 4
4.7225; 1
4.7275; 1
4.7325; 2
4.7375; 3
4.7425; 1
4.7475; 1
4.7525; 1
4.7575; 2
4.7625; 2
4.7675; 2
4.7725; 2
4.7775; 1
4.7825; 1
4.7875; 1
4.7925; 3
4.7975; 2
4.8025; 2
4.8075; 1
4.8125; 1
4.8175; 1
4.8225; 1
4.8275; 1
4.8325; 1
4.8375; 0
4.8425; 1
4.8475; 0
4.8525; 3
4.8575; 2
4.8625; 2
4.8675; 3
4.8725; 0
4.8775; 3
4.8825; 0
4.8875; 1
4.8925; 1
4.8975; 0
4.9025; 2
4.9075; 1
4.9125; 0
4.9175; 1
4.9225; 0
4.9275; 2
4.9325; 2
4.9375; 0
4.9425; 3
4.9475; 1
4.9525; 0
4.9575; 0
4.9625; 0
4.9675; 2
4.9725; 0
4.9775; 2
4.9825; 0
4.9875; 1
4.9925; 1
