0.0025; 46
0.0075; 48
0.0125; 29
0.0175; 35
0.0225; 34
0.0275; 34
0.0325; 39
0.0375; 32
0.0425; 33
0.0475; 32
0.0525; 24
0.0575; 36
0.0625; 29
0.0675; 34
0.0725; 25
0.0775; 24
0.0825; 31
0.0875; 37
0.0925; 29
0.0975; 35
0.1025; 40
0.1075; 27
0.1125; 34
0.1175; 33
0.1225; 41
0.1275; 39
0.1325; 25
0.1375; 12
0.1425; 34
0.1475; 16
0.1525; 26
0.1575; 36
0.1625; 25
0.1675; 36
0.1725; 34
0.1775; 23
0.1825; 32
0.1875; 28
0.1925; 46
0.1975; 27
0.2025; 25
0.2075; 41
0.2125; 28
0.2175; 27
0.2225; 32
0.2275; 27
0.2325; 30
0.2375; 29
0.2425; 34
0.2475; 25
0.2525; 24
0.2575; 22
0.2625; 31
0.2675; 25
0.2725; 33
0.2775; 29
0.2825; 26
0.2875; 36
0.2925; 26
0.2975; 33
0.3025; 30
0.3075; 27
0.3125; 19
0.3175; 36
0.3225; 26
0.3275; 29
0.3325; 20
0.3375; 19
0.3425; 33
0.3475; 27
0.3525; 27
0.3575; 35
0.3625; 33
0.3675; 29
0.3725; 37
0.3775; 30
0.3825; 25
0.3875; 21
0.3925; 27
0.3975; 23
0.4025; 23
0.4075; 41
0.4125; 30
0.4175; 33
0.4225; 23
0.4275; 31
0.4325; 31
0.4375; 25
0.4425; 35
0.4475; 38
0.4525; 52
0.4575; 48
0.4625; 54
0.4675; 47
0.4725; 49
0.4775; 64
0.4825; 63
0.4875; 93
0.4925; 84
0.4975; 79
0.5025; 78
0.5075; 96
0.5125; 111
0.5175; 101
0.5225; 109
0.5275; 87
0.5325; 117
0.5375; 113
0.5425; 112
0.5475; 116
0.5525; 119
0.5575; 105
0.5625; 127
0.5675; 116
0.5725; 127
0.5775; 107
0.5825; 114
0.5875; 124
0.5925; 117
0.5975; 113
0.6025; 97
0.6075; 116
0.6125; 131
0.6175; 120
0.6225; 106
0.6275; 114
0.6325; 115
0.6375; 116
0.6425; 113
0.6475; 99
0.6525; 95
0.6575; 127
0.6625; 84
0.6675; 98
0.6725; 115
0.6775; 102
0.6825; 107
0.6875; 77
0.6925; 95
0.6975; 82
0.7025; 92
0.7075; 91
0.7125; 85
0.7175; 81
0.7225; 94
0.7275; 91
0.7325; 72
0.7375; 82
0.7425; 88
0.7475; 85
0.7525; 87
0.7575; 74
0.7625; 73
0.7675; 76
0.7725; 83
0.7775; 76
0.7825; 79
0.7875; 64
0.7925; 77
0.7975; 63
0.8025; 94
0.8075; 72
0.8125; 77
0.8175; 74
0.8225; 56
0.8275; 70
0.8325; 59
0.8375; 53
0.8425; 58
0.8475; 70
0.8525; 63
0.8575; 61
0.8625; 53
0.8675; 67
0.8725; 67
0.8775; 54
0.8825; 66
0.8875; 56
0.8925; 51
0.8975; 42
0.9025; 53
0.9075; 43
0.9125; 48
0.9175; 48
0.9225; 56
0.9275; 59
0.9325; 44
0.9375; 52
0.9425; 47
0.9475; 46
0.9525; 47
0.9575; 30
0.9625; 41
0.9675; 41
0.9725; 42
0.9775; 46
0.9825; 32
0.9875; 45
0.9925; 32
0.9975; 32
1.0025; 30
1.0075; 42
1.0125; 39
1.0175; 49
1.0225; 43
1.0275; 49
1.0325; 34
1.0375; 41
1.0425; 29
1.0475; 29
1.0525; 21
1.0575; 33
1.0625; 33
1.0675; 39
1.0725; 35
1.0775; 33
1.0825; 31
1.0875; 32
1.0925; 36
1.0975; 36
1.1025; 31
1.1075; 39
1.1125; 36
1.1175; 25
1.1225; 33
1.1275; 41
1.1325; 32
1.1375; 37
1.1425; 36
1.1475; 25
1.1525; 35
1.1575; 29
1.1625; 30
1.1675; 29
1.1725; 23
1.1775; 33
1.1825; 15
1.1875; 28
1.1925; 18
1.1975; 26
1.2025; 21
1.2075; 33
1.2125; 29
1.2175; 23
1.2225; 27
1.2275; 30
1.2325; 26
1.2375; 28
1.2425; 25
1.2475; 25
1.2525; 33
1.2575; 21
1.2625; 20
1.2675; 19
1.2725; 25
1.2775; 22
1.2825; 20
1.2875; 13
1.2925; 30
1.2975; 15
1.3025; 20
1.3075; 16
1.3125; 20
1.3175; 20
1.3225; 13
1.3275; 29
1.3325; 27
1.3375; 28
1.3425; 20
1.3475; 21
1.3525; 17
1.3575; 18
1.3625; 25
1.3675; 18
1.3725; 26
1.3775; 24
1.3825; 20
1.3875; 27
1.3925; 31
1.3975; 16
1.4025; 15
1.4075; 20
1.4125; 21
1.4175; 19
1.4225; 21
1.4275; 21
1.4325; 21
1.4375; 14
1.4425; 20
1.4475; 20
1.4525; 22
1.4575; 20
1.4625; 15
1.4675; 16
1.4725; 14
1.4775; 12
1.4825; 18
1.4875; 14
1.4925; 18
1.4975; 15
1.5025; 22
1.5075; 19
1.5125; 14
1.5175; 13
1.5225; 10
1.5275; 23
1.5325; 10
1.5375; 16
1.5425; 13
1.5475; 22
1.5525; 17
1.5575; 19
1.5625; 19
1.5675; 16
1.5725; 17
1.5775; 15
1.5825; 12
1.5875; 10
1.5925; 19
1.5975; 16
1.6025; 21
1.6075; 23
1.6125; 13
1.6175; 11
1.6225; 16
1.6275; 15
1.6325; 9
1.6375; 11
1.6425; 10
1.6475; 11
1.6525; 9
1.6575; 13
1.6625; 6
1.6675; 10
1.6725; 14
1.6775; 11
1.6825; 12
1.6875; 11
1.6925; 11
1.6975; 9
1.7025; 10
1.7075; 15
1.7125; 9
1.7175; 11
1.7225; 7
1.7275; 8
1.7325; 11
1.7375; 12
1.7425; 7
1.7475; 8
1.7525; 19
1.7575; 3
1.7625; 16
1.7675; 7
1.7725; 13
1.7775; 13
1.7825; 8
1.7875; 12
1.7925; 6
1.7975; 9
1.8025; 8
1.8075; 7
1.8125; 8
1.8175; 9
1.8225; 5
1.8275; 12
1.8325; 17
1.8375; 4
1.8425; 6
1.8475; 12
1.8525; 13
1.8575; 8
1.8625; 9
1.8675; 8
1.8725; 7
1.8775; 9
1.8825; 9
1.8875; 15
1.8925; 8
1.8975; 9
1.9025; 6
1.9075; 4
1.9125; 6
1.9175; 4
1.9225; 8
1.9275; 9
1.9325; 8
1.9375; 8
1.9425; 9
1.9475; 7
1.9525; 10
1.9575; 8
1.9625; 6
1.9675; 9
1.9725; 7
1.9775; 8
1.9825; 7
1.9875; 4
1.9925; 10
1.9975; 7
2.0025; 4
2.0075; 10
2.0125; 4
2.0175; 9
2.0225; 5
2.0275; 11
2.0325; 7
2.0375; 11
2.0425; 4
2.0475; 8
2.0525; 10
2.0575; 12
2.0625; 5
2.0675; 14
2.0725; 6
2.0775; 6
2.0825; 10
2.0875; 5
2.0925; 9
2.0975; 7
2.1025; 6
2.1075; 11
2.1125; 11
2.1175; 10
2.1225; 2
2.1275; 1
2.1325; 6
2.1375; 5
2.1425; 3
2.1475; 5
2.1525; 5
2.1575; 3
2.1625; 3
2.1675; 4
2.1725; 5
2.1775; 7
2.1825; 3
2.1875; 2
2.1925; 5
2.1975; 5
2.2025; 5
2.2075; 3
2.2125; 3
2.2175; 5
2.2225; 12
2.2275; 3
2.2325; 3
2.2375; 3
2.2425; 9
2.2475; 6
2.2525; 4
2.2575; 6
2.2625; 7
2.2675; 4
2.2725; 5
2.2775; 3
2.2825; 9
2.2875; 5
2.2925; 4
2.2975; 5
2.3025; 3
2.3075; 6
2.3125; 7
2.3175; 4
2.3225; 4
2.3275; 5
2.3325; 1
2.3375; 5
2.3425; 4
2.3475; 5
2.3525; 5
2.3575; 7
2.3625; 6
2.3675; 6
2.3725; 8
2.3775; 7
2.3825; 7
2.3875; 3
2.3925; 8
2.3975; 6
2.4025; 4
2.4075; 6
2.4125; 4
2.4175; 4
2.4225; 2
2.4275; 8
2.4325; 3
2.4375; 4
2.4425; 4
2.4475; 6
2.4525; 6
2.4575; 6
2.4625; 6
2.4675; 7
2.4725; 4
2.4775; 4
2.4825; 3
2.4875; 0
2.4925; 1
2.4975; 6
2.5025; 2
2.5075; 4
2.5125; 1
2.5175; 1
2.5225; 2
2.5275; 5
2.5325; 2
2.5375; 6
2.5425; 10
2.5475; 5
2.5525; 5
2.5575; 5
2.5625; 1
2.5675; 4
2.5725; 5
2.5775; 3
2.5825; 2
2.5875; 4
2.5925; 5
2.5975; 6
2.6025; 3
2.6075; 8
2.6125; 2
2.6175; 2
2.6225; 5
2.6275; 2
2.6325; 5
2.6375; 3
2.6425; 1
2.6475; 5
2.6525; 2
2.6575; 3
2.6625; 3
2.6675; 3
2.6725; 1
2.6775; 2
2.6825; 5
2.6875; 1
2.6925; 1
2.6975; 2
2.7025; 4
2.7075; 3
2.7125; 2
2.7175; 6
2.7225; 4
2.7275; 1
2.7325; 3
2.7375; 3
2.7425; 5
2.7475; 6
2.7525; 3
2.7575; 3
2.7625; 4
2.7675; 2
2.7725; 4
2.7775; 1
2.7825; 3
2.7875; 4
2.7925; 3
2.7975; 2
2.8025; 5
2.8075; 4
2.8125; 6
2.8175; 4
2.8225; 5
2.8275; 2
2.8325; 4
2.8375; 3
2.8425; 6
2.8475; 4
2.8525; 5
2.8575; 2
2.8625; 3
2.8675; 2
2.8725; 7
2.8775; 7
2.8825; 2
2.8875; 4
2.8925; 2
2.8975; 2
2.9025; 3
2.9075; 4
2.9125; 6
2.9175; 4
2.9225; 1
2.9275; 5
2.9325; 2
2.9375; 9
2.9425; 0
2.9475; 2
2.9525; 2
2.9575; 2
2.9625; 3
2.9675; 4
2.9725; 2
2.9775; 6
2.9825; 4
2.9875; 3
2.9925; 2
2.9975; 0
3.0025; 2
3.0075; 5
3.0125; 1
3.0175; 3
3.0225; 0
3.0275; 2
3.0325; 5
3.0375; 3
3.0425; 3
3.0475; 4
3.0525; 4
3.0575; 3
3.0625; 7
3.0675; 1
3.0725; 1
3.0775; 3
3.0825; 3
3.0875; 2
3.0925; 2
3.0975; 1
3.1025; 0
3.1075; 2
3.1125; 2
3.1175; 1
3.1225; 4
3.1275; 2
3.1325; 2
3.1375; 6
3.1425; 0
3.1475; 2
3.1525; 4
3.1575; 1
3.1625; 0
3.1675; 5
3.1725; 1
3.1775; 1
3.1825; 1
3.1875; 3
3.1925; 2
3.1975; 2
3.2025; 2
3.2075; 5
3.2125; 0
3.2175; 1
3.2225; 5
3.2275; 1
3.2325; 1
3.2375; 2
3.2425; 6
3.2475; 2
3.2525; 0
3.2575; 2
3.2625; 1
3.2675; 3
3.2725; 1
3.2775; 1
3.2825; 6
3.2875; 2
3.2925; 1
3.2975; 3
3.3025; 2
3.3075; 4
3.3125; 2
3.3175; 6
3.3225; 3
3.3275; 2
3.3325; 1
3.3375; 2
3.3425; 2
3.3475; 1
3.3525; 3
3.3575; 0
3.3625; 3
3.3675; 3
3.3725; 5
3.3775; 3
3.3825; 1
3.3875; 2
3.3925; 3
3.3975; 3
3.4025; 1
3.4075; 1
3.4125; 1
3.4175; 4
3.4225; 1
3.4275; 1
3.4325; 2
3.4375; 2
3.4425; 2
3.4475; 1
3.4525; 2
3.4575; 2
3.4625; 5
3.4675; 2
3.4725; 2
3.4775; 2
3.4825; 2
3.4875; 1
3.4925; 2
3.4975; 2
3.5025; 3
3.5075; 0
3.5125; 2
3.5175; 3
3.5225; 0
3.5275; 2
3.5325; 2
3.5375; 3
3.5425; 3
3.5475; 7
3.5525; 3
3.5575; 5
3.5625; 3
3.5675; 0
3.5725; 3
3.5775; 5
3.5825; 2
3.5875; 1
3.5925; 2
3.5975; 2
3.6025; 1
3.6075; 1
3.6125; 1
3.6175; 2
3.6225; 2
3.6275; 2
3.6325; 0
3.6375; 3
3.6425; 2
3.6475; 1
3.6525; 5
3.6575; 0
3.6625; 5
3.6675; 0
3.6725; 1
3.6775; 2
3.6825; 2
3.6875; 2
3.6925; 0
3.6975; 3
3.7025; 1
3.7075; 2
3.7125; 1
3.7175; 0
3.7225; 2
3.7275; 2
3.7325; 2
3.7375; 3
3.7425; 2
3.7475; 0
3.7525; 2
3.7575; 2
3.7625; 2
3.7675; 3
3.7725; 5
3.7775; 3
3.7825; 3
3.7875; 1
3.7925; 2
3.7975; 3
3.8025; 8
3.8075; 3
3.8125; 3
3.8175; 4
3.8225; 4
3.8275; 2
3.8325; 2
3.8375; 2
3.8425; 2
3.8475; 2
3.8525; 2
3.8575; 4
3.8625; 2
3.8675; 3
3.8725; 2
3.8775; 3
3.8825; 3
3.8875; 0
3.8925; 1
3.8975; 0
3.9025; 2
3.9075; 0
3.9125; 1
3.9175; 1
3.9225; 4
3.9275; 2
3.9325; 2
3.9375; 1
3.9425; 5
3.9475; 1
3.9525; 0
3.9575; 2
3.9625; 0
3.9675; 4
3.9725; 4
3.9775; 3
3.9825; 0
3.9875; 1
3.9925; 1
3.9975; 1
4.0025; 2
4.0075; 1
4.0125; 1
4.0175; 3
4.0225; 1
4.0275; 3
4.0325; 1
4.0375; 1
4.0425; 2
4.0475; 1
4.0525; 2
4.0575; 5
4.0625; 2
4.0675; 2
4.0725; 3
4.0775; 2
4.0825; 4
4.0875; 0
4.0925; 1
4.0975; 0
4.1025; 1
4.1075; 3
4.1125; 0
4.1175; 2
4.1225; 1
4.1275; 2
4.1325; 2
4.1375; 0
4.1425; 1
4.1475; 1
4.1525; 2
4.1575; 2
4.1625; 0
4.1675; 0
4.1725; 1
4.1775; 1
4.1825; 2
4.1875; 2
4.1925; 1
4.1975; 1
4.2025; 0
4.2075; 1
4.2125; 0
4.2175; 0
4.2225; 1
4.2275; 2
4.2325; 2
4.2375; 3
4.2425; 3
4.2475; 1
4.2525; 4
4.2575; 4
4.2625; 4
4.2675; 2
4.2725; 0
4.2775; 2
4.2825; 3
4.2875; 3
4.2925; 0
4.2975; 3
4.3025; 3
4.3075; 0
4.3125; 1
4.3175; 1
4.3225; 1
4.3275; 3
4.3325; 1
4.3375; 2
4.3425; 0
4.3475; 0
4.3525; 0
4.3575; 1
4.3625; 0
4.3675; 4
4.3725; 0
4.3775; 1
4.3825; 2
4.3875; 2
4.3925; 1
4.3975; 0
4.4025; 1
4.4075; 0
4.4125; 0
4.4175; 1
4.4225; 0
4.4275; 1
4.4325; 0
4.4375; 6
4.4425; 0
4.4475; 1
4.4525; 1
4.4575; 2
4.4625; 1
4.4675; 0
4.4725; 0
4.4775; 1
4.4825; 2
4.4875; 1
4.4925; 1
4.4975; 1
4.5025; 0
4.5075; 1
4.5125; 2
4.5175; 1
4.5225; 0
4.5275; 0
4.5325; 0
4.5375; 0
4.5425; 0
4.5475; 3
4.5525; 0
4.5575; 4
4.5625; 1
4.5675; 0
4.5725; 0
4.5775; 0
4.5825; 0
4.5875; 0
4.5925; 0
4.5975; 2
4.6025; 0
4.6075; 1
4.6125; 0
4.6175; 4
4.6225; 1
4.6275; 1
4.6325; 1
4.6375; 2
4.6425; 1
4.6475; 0
4.6525; 1
4.6575; 1
4.6625; 0
4.6675; 0
4.6725; 2
4.6775; 4
4.6825; 1
4.6875; 2
4.6925; 1
4.6975; 1
4.7025; 1
4.7075; 0
4.7125; 1
4.7175; 2
4.7225; 2
4.7275; 0
4.7325; 1
4.7375; 0
4.7425; 0
4.7475; 3
4.7525; 1
4.7575; 1
4.7625; 2
4.7675; 2
4.7725; 2
4.7775; 0
4.7825; 2
4.7875; 3
4.7925; 2
4.7975; 0
4.8025; 3
4.8075; 0
4.8125; 0
4.8175; 1
4.8225; 1
4.8275; 1
4.8325; 1
4.8375; 1
4.8425; 0
4.8475; 0
4.8525; 0
4.8575; 0
4.8625; 2
4.8675; 1
4.8725; 3
4.8775; 0
4.8825; 0
4.8875; 1
4.8925; 2
4.8975; 1
4.9025; 1
4.9075; 0
4.9125; 1
4.9175; 2
4.9225; 1
4.9275; 1
4.9325; 1
4.9375; 1
4.9425; 1
4.9475; 0
4.9525; 1
4.9575; 3
4.9625; 1
4.9675; 0
4.9725; 0
4.9775; 1
4.9825; 0
4.9875; 0
4.9925; 2
