0.0025; 17
0.0075; 12
0.0125; 15
0.0175; 13
0.0225; 11
0.0275; 12
0.0325; 11
0.0375; 10
0.0425; 17
0.0475; 13
0.0525; 11
0.0575; 15
0.0625; 13
0.0675; 12
0.0725; 16
0.0775; 9
0.0825; 9
0.0875; 7
0.0925; 9
0.0975; 11
0.1025; 6
0.1075; 11
0.1125; 11
0.1175; 12
0.1225; 12
0.1275; 13
0.1325; 10
0.1375; 22
0.1425; 14
0.1475; 12
0.1525; 13
0.1575; 16
0.1625; 10
0.1675; 5
0.1725; 12
0.1775; 16
0.1825; 6
0.1875; 9
0.1925; 15
0.1975; 13
0.2025; 10
0.2075; 11
0.2125; 10
0.2175; 4
0.2225; 5
0.2275; 8
0.2325; 20
0.2375; 8
0.2425; 10
0.2475; 11
0.2525; 16
0.2575; 6
0.2625; 9
0.2675; 8
0.2725; 14
0.2775; 7
0.2825; 16
0.2875; 14
0.2925; 13
0.2975; 8
0.3025; 15
0.3075; 9
0.3125; 16
0.3175; 8
0.3225; 14
0.3275; 10
0.3325; 16
0.3375; 12
0.3425; 17
0.3475; 15
0.3525; 8
0.3575; 14
0.3625; 20
0.3675; 9
0.3725; 11
0.3775; 9
0.3825; 11
0.3875; 14
0.3925; 9
0.3975; 13
0.4025; 9
0.4075; 15
0.4125; 10
0.4175; 7
0.4225; 10
0.4275; 13
0.4325; 9
0.4375; 13
0.4425; 9
0.4475; 12
0.4525; 7
0.4575; 11
0.4625; 14
0.4675; 8
0.4725; 13
0.4775; 10
0.4825; 9
0.4875; 12
0.4925; 7
0.4975; 9
0.5025; 14
0.5075; 15
0.5125; 11
0.5175; 11
0.5225; 9
0.5275; 16
0.5325; 9
0.5375; 12
0.5425; 7
0.5475; 12
0.5525; 9
0.5575; 7
0.5625; 4
0.5675; 11
0.5725; 10
0.5775; 7
0.5825; 10
0.5875; 13
0.5925; 7
0.5975; 10
0.6025; 14
0.6075; 9
0.6125; 12
0.6175; 8
0.6225; 13
0.6275; 11
0.6325; 7
0.6375; 8
0.6425; 10
0.6475; 9
0.6525; 8
0.6575; 14
0.6625; 9
0.6675; 14
0.6725; 7
0.6775; 13
0.6825; 16
0.6875; 13
0.6925; 11
0.6975; 15
0.7025; 10
0.7075; 12
0.7125; 14
0.7175; 7
0.7225; 9
0.7275; 8
0.7325; 10
0.7375; 10
0.7425; 13
0.7475; 10
0.7525; 10
0.7575; 11
0.7625; 13
0.7675; 9
0.7725; 12
0.7775; 13
0.7825; 10
0.7875; 17
0.7925; 14
0.7975; 8
0.8025; 8
0.8075; 6
0.8125; 16
0.8175; 6
0.8225; 11
0.8275; 11
0.8325; 6
0.8375; 18
0.8425; 12
0.8475; 8
0.8525; 10
0.8575; 10
0.8625; 11
0.8675; 17
0.8725; 14
0.8775; 5
0.8825; 8
0.8875; 16
0.8925; 6
0.8975; 12
0.9025; 10
0.9075; 10
0.9125; 7
0.9175; 12
0.9225; 12
0.9275; 8
0.9325; 10
0.9375; 11
0.9425; 11
0.9475; 15
0.9525; 10
0.9575; 12
0.9625; 7
0.9675; 12
0.9725; 15
0.9775; 12
0.9825; 12
0.9875; 10
0.9925; 14
0.9975; 8
1.0025; 13
1.0075; 16
1.0125; 8
1.0175; 14
1.0225; 9
1.0275; 9
1.0325; 9
1.0375; 11
1.0425; 14
1.0475; 4
1.0525; 15
1.0575; 13
1.0625; 7
1.0675; 7
1.0725; 6
1.0775; 9
1.0825; 14
1.0875; 10
1.0925; 10
1.0975; 6
1.1025; 8
1.1075; 15
1.1125; 15
1.1175; 8
1.1225; 11
1.1275; 13
1.1325; 15
1.1375; 4
1.1425; 14
1.1475; 12
1.1525; 10
1.1575; 11
1.1625; 14
1.1675; 18
1.1725; 5
1.1775; 10
1.1825; 13
1.1875; 11
1.1925; 12
1.1975; 13
1.2025; 6
1.2075; 11
1.2125; 12
1.2175; 11
1.2225; 17
1.2275; 16
1.2325; 14
1.2375; 13
1.2425; 16
1.2475; 16
1.2525; 15
1.2575; 21
1.2625; 12
1.2675; 19
1.2725; 29
1.2775; 21
1.2825; 15
1.2875; 15
1.2925; 24
1.2975; 34
1.3025; 21
1.3075; 28
1.3125; 29
1.3175; 28
1.3225; 28
1.3275; 25
1.3325; 24
1.3375; 24
1.3425; 30
1.3475; 34
1.3525; 23
1.3575; 27
1.3625; 30
1.3675; 21
1.3725; 30
1.3775; 30
1.3825; 27
1.3875; 37
1.3925; 36
1.3975; 30
1.4025; 31
1.4075; 37
1.4125; 35
1.4175; 42
1.4225; 35
1.4275; 40
1.4325; 40
1.4375; 33
1.4425; 47
1.4475; 31
1.4525; 31
1.4575; 36
1.4625; 50
1.4675; 31
1.4725; 40
1.4775; 36
1.4825; 42
1.4875; 39
1.4925; 30
1.4975; 30
1.5025; 43
1.5075; 29
1.5125; 40
1.5175; 31
1.5225; 39
1.5275; 45
1.5325; 33
1.5375; 28
1.5425; 52
1.5475; 38
1.5525; 27
1.5575; 24
1.5625; 37
1.5675; 39
1.5725; 40
1.5775; 37
1.5825; 34
1.5875; 46
1.5925; 39
1.5975; 47
1.6025; 32
1.6075; 44
1.6125; 38
1.6175; 42
1.6225; 33
1.6275; 33
1.6325; 31
1.6375; 37
1.6425; 44
1.6475; 38
1.6525; 32
1.6575; 29
1.6625; 32
1.6675; 34
1.6725; 36
1.6775; 30
1.6825; 40
1.6875; 43
1.6925; 31
1.6975; 30
1.7025; 40
1.7075; 43
1.7125; 30
1.7175; 37
1.7225; 44
1.7275; 40
1.7325; 39
1.7375; 41
1.7425; 32
1.7475; 36
1.7525; 51
1.7575; 39
1.7625; 37
1.7675; 35
1.7725; 34
1.7775; 36
1.7825; 37
1.7875; 36
1.7925; 24
1.7975; 30
1.8025; 38
1.8075; 29
1.8125; 29
1.8175; 36
1.8225; 33
1.8275; 32
1.8325; 34
1.8375; 38
1.8425; 42
1.8475; 27
1.8525; 45
1.8575; 28
1.8625; 47
1.8675; 34
1.8725; 30
1.8775; 34
1.8825; 33
1.8875; 26
1.8925; 34
1.8975; 37
1.9025; 39
1.9075; 25
1.9125; 38
1.9175; 36
1.9225; 31
1.9275; 34
1.9325; 37
1.9375; 34
1.9425; 31
1.9475; 25
1.9525; 27
1.9575; 32
1.9625; 31
1.9675; 35
1.9725; 25
1.9775; 31
1.9825; 32
1.9875; 30
1.9925; 38
1.9975; 35
2.0025; 26
2.0075; 24
2.0125; 21
2.0175; 28
2.0225; 24
2.0275; 35
2.0325; 31
2.0375; 36
2.0425; 24
2.0475; 35
2.0525; 21
2.0575; 29
2.0625; 22
2.0675; 21
2.0725; 30
2.0775; 23
2.0825; 23
2.0875; 26
2.0925; 26
2.0975; 30
2.1025; 23
2.1075; 20
2.1125; 22
2.1175; 24
2.1225; 27
2.1275; 24
2.1325; 18
2.1375; 30
2.1425; 27
2.1475; 21
2.1525; 25
2.1575; 26
2.1625; 21
2.1675; 25
2.1725; 16
2.1775; 24
2.1825; 31
2.1875; 22
2.1925; 26
2.1975; 25
2.2025; 23
2.2075; 27
2.2125; 28
2.2175; 24
2.2225; 32
2.2275; 24
2.2325; 18
2.2375; 20
2.2425; 19
2.2475; 27
2.2525; 31
2.2575; 18
2.2625; 25
2.2675; 21
2.2725; 23
2.2775; 22
2.2825; 23
2.2875; 17
2.2925; 19
2.2975; 27
2.3025; 24
2.3075; 22
2.3125; 22
2.3175; 29
2.3225; 33
2.3275; 15
2.3325; 36
2.3375; 16
2.3425; 19
2.3475; 23
2.3525; 17
2.3575; 24
2.3625; 17
2.3675; 23
2.3725; 22
2.3775; 25
2.3825; 27
2.3875; 19
2.3925; 23
2.3975; 23
2.4025; 19
2.4075; 25
2.4125; 19
2.4175; 20
2.4225; 23
2.4275; 21
2.4325; 25
2.4375; 16
2.4425; 22
2.4475; 18
2.4525; 15
2.4575; 19
2.4625; 26
2.4675; 26
2.4725; 21
2.4775; 15
2.4825; 16
2.4875; 17
2.4925; 22
2.4975; 20
2.5025; 17
2.5075; 30
2.5125; 17
2.5175; 15
2.5225; 24
2.5275; 19
2.5325; 22
2.5375; 21
2.5425; 14
2.5475; 19
2.5525; 19
2.5575; 14
2.5625; 20
2.5675; 16
2.5725; 18
2.5775; 16
2.5825; 17
2.5875; 17
2.5925; 18
2.5975; 11
2.6025; 10
2.6075; 21
2.6125; 15
2.6175; 20
2.6225; 11
2.6275; 20
2.6325; 19
2.6375; 16
2.6425; 21
2.6475; 18
2.6525; 23
2.6575; 17
2.6625; 22
2.6675; 27
2.6725; 17
2.6775; 12
2.6825; 13
2.6875; 15
2.6925; 20
2.6975; 16
2.7025; 19
2.7075; 21
2.7125; 21
2.7175; 9
2.7225; 12
2.7275; 14
2.7325; 20
2.7375; 16
2.7425; 18
2.7475; 17
2.7525; 16
2.7575; 14
2.7625; 13
2.7675; 13
2.7725; 13
2.7775; 14
2.7825; 22
2.7875; 16
2.7925; 17
2.7975; 12
2.8025; 14
2.8075; 12
2.8125; 14
2.8175; 22
2.8225; 17
2.8275; 15
2.8325; 22
2.8375; 15
2.8425; 17
2.8475; 14
2.8525; 16
2.8575; 16
2.8625; 19
2.8675; 14
2.8725; 14
2.8775; 11
2.8825; 13
2.8875; 14
2.8925; 14
2.8975; 21
2.9025; 14
2.9075; 19
2.9125; 9
2.9175; 12
2.9225; 17
2.9275; 10
2.9325; 11
2.9375; 13
2.9425; 8
2.9475; 12
2.9525; 22
2.9575; 11
2.9625; 12
2.9675; 14
2.9725; 12
2.9775; 14
2.9825; 11
2.9875; 10
2.9925; 13
2.9975; 13
3.0025; 14
3.0075; 14
3.0125; 14
3.0175; 13
3.0225; 8
3.0275; 13
3.0325; 13
3.0375; 11
3.0425; 11
3.0475; 12
3.0525; 12
3.0575; 10
3.0625; 9
3.0675; 17
3.0725; 15
3.0775; 8
3.0825; 9
3.0875; 13
3.0925; 8
3.0975; 11
3.1025; 13
3.1075; 16
3.1125; 9
3.1175; 12
3.1225; 15
3.1275; 7
3.1325; 10
3.1375; 14
3.1425; 13
3.1475; 7
3.1525; 8
3.1575; 20
3.1625; 9
3.1675; 5
3.1725; 17
3.1775; 12
3.1825; 12
3.1875; 11
3.1925; 9
3.1975; 21
3.2025; 11
3.2075; 16
3.2125; 15
3.2175; 16
3.2225; 16
3.2275; 8
3.2325; 17
3.2375; 8
3.2425; 16
3.2475; 13
3.2525; 11
3.2575; 6
3.2625; 6
3.2675; 17
3.2725; 12
3.2775; 5
3.2825; 9
3.2875; 9
3.2925; 13
3.2975; 9
3.3025; 13
3.3075; 13
3.3125; 12
3.3175; 5
3.3225; 9
3.3275; 11
3.3325; 8
3.3375; 14
3.3425; 5
3.3475; 11
3.3525; 14
3.3575; 7
3.3625; 5
3.3675; 8
3.3725; 9
3.3775; 11
3.3825; 8
3.3875; 13
3.3925; 5
3.3975; 10
3.4025; 9
3.4075; 5
3.4125; 8
3.4175; 5
3.4225; 10
3.4275; 8
3.4325; 7
3.4375; 8
3.4425; 8
3.4475; 9
3.4525; 5
3.4575; 5
3.4625; 14
3.4675; 10
3.4725; 15
3.4775; 8
3.4825; 10
3.4875; 10
3.4925; 7
3.4975; 9
3.5025; 7
3.5075; 9
3.5125; 8
3.5175; 9
3.5225; 7
3.5275; 4
3.5325; 10
3.5375; 4
3.5425; 9
3.5475; 9
3.5525; 12
3.5575; 4
3.5625; 7
3.5675; 6
3.5725; 10
3.5775; 8
3.5825; 14
3.5875; 9
3.5925; 12
3.5975; 5
3.6025; 15
3.6075; 5
3.6125; 9
3.6175; 3
3.6225; 8
3.6275; 1
3.6325; 10
3.6375; 7
3.6425; 10
3.6475; 6
3.6525; 10
3.6575; 7
3.6625; 6
3.6675; 4
3.6725; 11
3.6775; 6
3.6825; 10
3.6875; 8
3.6925; 7
3.6975; 10
3.7025; 8
3.7075; 4
3.7125; 10
3.7175; 4
3.7225; 9
3.7275; 7
3.7325; 8
3.7375; 8
3.7425; 10
3.7475; 8
3.7525; 8
3.7575; 4
3.7625; 5
3.7675; 7
3.7725; 5
3.7775; 7
3.7825; 9
3.7875; 4
3.7925; 6
3.7975; 4
3.8025; 8
3.8075; 15
3.8125; 6
3.8175; 7
3.8225; 9
3.8275; 6
3.8325; 4
3.8375; 9
3.8425; 7
3.8475; 7
3.8525; 8
3.8575; 6
3.8625; 4
3.8675; 8
3.8725; 6
3.8775; 6
3.8825; 6
3.8875; 7
3.8925; 8
3.8975; 4
3.9025; 8
3.9075; 11
3.9125; 7
3.9175; 6
3.9225; 6
3.9275; 10
3.9325; 6
3.9375; 5
3.9425; 1
3.9475; 1
3.9525; 6
3.9575; 5
3.9625; 5
3.9675; 7
3.9725; 3
3.9775; 7
3.9825; 7
3.9875; 6
3.9925; 9
3.9975; 4
4.0025; 6
4.0075; 4
4.0125; 6
4.0175; 7
4.0225; 4
4.0275; 3
4.0325; 5
4.0375; 8
4.0425; 6
4.0475; 5
4.0525; 12
4.0575; 2
4.0625; 2
4.0675; 9
4.0725; 6
4.0775; 6
4.0825; 5
4.0875; 6
4.0925; 4
4.0975; 9
4.1025; 5
4.1075; 7
4.1125; 5
4.1175; 6
4.1225; 7
4.1275; 6
4.1325; 11
4.1375; 5
4.1425; 7
4.1475; 4
4.1525; 7
4.1575; 3
4.1625; 4
4.1675; 2
4.1725; 3
4.1775; 6
4.1825; 7
4.1875; 3
4.1925; 4
4.1975; 5
4.2025; 5
4.2075; 12
4.2125; 8
4.2175; 3
4.2225; 7
4.2275; 7
4.2325; 7
4.2375; 8
4.2425; 7
4.2475; 3
4.2525; 5
4.2575; 4
4.2625; 7
4.2675; 4
4.2725; 6
4.2775; 1
4.2825; 2
4.2875; 5
4.2925; 3
4.2975; 4
4.3025; 4
4.3075; 5
4.3125; 6
4.3175; 7
4.3225; 5
4.3275; 4
4.3325; 2
4.3375; 6
4.3425; 4
4.3475; 3
4.3525; 3
4.3575; 2
4.3625; 2
4.3675; 2
4.3725; 3
4.3775; 2
4.3825; 5
4.3875; 4
4.3925; 4
4.3975; 8
4.4025; 8
4.4075; 5
4.4125; 8
4.4175; 5
4.4225; 2
4.4275; 4
4.4325; 5
4.4375; 1
4.4425; 1
4.4475; 4
4.4525; 6
4.4575; 4
4.4625; 3
4.4675; 3
4.4725; 5
4.4775; 2
4.4825; 3
4.4875; 9
4.4925; 6
4.4975; 3
4.5025; 3
4.5075; 4
4.5125; 3
4.5175; 5
4.5225; 9
4.5275; 3
4.5325; 4
4.5375; 2
4.5425; 1
4.5475; 4
4.5525; 7
4.5575; 4
4.5625; 2
4.5675; 5
4.5725; 4
4.5775; 3
4.5825; 4
4.5875; 3
4.5925; 2
4.5975; 1
4.6025; 3
4.6075; 7
4.6125; 4
4.6175; 2
4.6225; 1
4.6275; 3
4.6325; 5
4.6375; 3
4.6425; 3
4.6475; 7
4.6525; 2
4.6575; 3
4.6625; 4
4.6675; 2
4.6725; 4
4.6775; 2
4.6825; 5
4.6875; 2
4.6925; 6
4.6975; 4
4.7025; 6
4.7075; 9
4.7125; 5
4.7175; 2
4.7225; 5
4.7275; 2
4.7325; 4
4.7375; 1
4.7425; 2
4.7475; 4
4.7525; 4
4.7575; 2
4.7625; 1
4.7675; 6
4.7725; 5
4.7775; 2
4.7825; 2
4.7875; 5
4.7925; 3
4.7975; 2
4.8025; 3
4.8075; 2
4.8125; 2
4.8175; 2
4.8225; 4
4.8275; 7
4.8325; 4
4.8375; 3
4.8425; 3
4.8475; 4
4.8525; 4
4.8575; 3
4.8625; 2
4.8675; 3
4.8725; 4
4.8775; 3
4.8825; 4
4.8875; 2
4.8925; 1
4.8975; 4
4.9025; 3
4.9075; 2
4.9125; 2
4.9175; 4
4.9225; 1
4.9275; 4
4.9325; 3
4.9375; 2
4.9425; 3
4.9475; 3
4.9525; 3
4.9575; 1
4.9625; 4
4.9675; 3
4.9725; 1
4.9775; 6
4.9825; 3
4.9875; 5
4.9925; 5
