0.025; 39
0.075; 36
0.125; 41
0.175; 35
0.225; 40
0.275; 30
0.325; 30
0.375; 41
0.425; 27
0.475; 45
0.525; 55
0.575; 2643
0.625; 13611
0.675; 16972
0.725; 12836
0.775; 8604
0.825; 5667
0.875; 4018
0.925; 2993
0.975; 2236
1.025; 1705
1.075; 1316
1.125; 1102
1.175; 901
1.225; 744
1.275; 605
1.325; 547
1.375; 461
1.425; 359
1.475; 332
1.525; 289
1.575; 287
1.625; 236
1.675; 220
1.725; 201
1.775; 175
1.825; 156
1.875; 139
1.925; 127
1.975; 129
2.025; 104
2.075; 98
2.125; 97
2.175; 88
2.225; 97
2.275; 78
2.325; 80
2.375; 64
2.425; 56
2.475; 62
2.525; 61
2.575; 57
2.625; 54
2.675; 45
2.725; 49
2.775; 48
2.825; 44
2.875; 38
2.925; 29
2.975; 61
3.025; 59
3.075; 54
3.125; 46
3.175; 43
3.225; 46
3.275; 38
3.325; 40
3.375; 39
3.425; 30
3.475; 31
3.525; 31
3.575; 33
3.625; 38
3.675; 39
3.725; 26
3.775; 27
3.825; 24
3.875; 18
3.925; 29
3.975; 32
4.025; 28
4.075; 36
4.125; 32
4.175; 36
4.225; 25
4.275; 27
4.325; 31
4.375; 24
4.425; 21
4.475; 18
4.525; 24
4.575; 35
4.625; 29
4.675; 21
4.725; 21
4.775; 22
4.825; 20
4.875; 22
4.925; 23
4.975; 23
5.025; 18
5.075; 12
5.125; 26
5.175; 19
5.225; 16
5.275; 12
5.325; 17
5.375; 9
5.425; 18
5.475; 22
5.525; 14
5.575; 14
5.625; 17
5.675; 19
5.725; 15
5.775; 9
5.825; 17
5.875; 13
5.925; 14
5.975; 13
6.025; 14
6.075; 11
6.125; 15
6.175; 12
6.225; 17
6.275; 12
6.325; 16
6.375; 15
6.425; 9
6.475; 7
6.525; 8
6.575; 15
6.625; 12
6.675; 9
6.725; 16
6.775; 13
6.825; 16
6.875; 17
6.925; 11
6.975; 15
7.025; 8
7.075; 10
7.125; 9
7.175; 9
7.225; 11
7.275; 13
7.325; 4
7.375; 15
7.425; 6
7.475; 10
7.525; 8
7.575; 12
7.625; 12
7.675; 15
7.725; 4
7.775; 3
7.825; 9
7.875; 5
7.925; 6
7.975; 13
8.025; 8
8.075; 10
8.125; 5
8.175; 6
8.225; 13
8.275; 9
8.325; 7
8.375; 6
8.425; 7
8.475; 8
8.525; 8
8.575; 5
8.625; 5
8.675; 6
8.725; 7
8.775; 5
8.825; 5
8.875; 11
8.925; 9
8.975; 9
9.025; 8
9.075; 6
9.125; 9
9.175; 3
9.225; 11
9.275; 9
9.325; 5
9.375; 6
9.425; 3
9.475; 1
9.525; 4
9.575; 5
9.625; 5
9.675; 7
9.725; 5
9.775; 5
9.825; 6
9.875; 4
9.925; 6
9.975; 4
10.025; 5
10.075; 5
10.125; 2
10.175; 6
10.225; 4
10.275; 8
10.325; 3
10.375; 4
10.425; 4
10.475; 2
10.525; 3
10.575; 8
10.625; 3
10.675; 3
10.725; 1
10.775; 5
10.825; 1
10.875; 3
10.925; 1
10.975; 3
11.025; 7
11.075; 4
11.125; 5
11.175; 4
11.225; 1
11.275; 5
11.325; 5
11.375; 6
11.425; 4
11.475; 3
11.525; 8
11.575; 7
11.625; 3
11.675; 4
11.725; 2
11.775; 6
11.825; 1
11.875; 2
11.925; 0
11.975; 3
12.025; 3
12.075; 7
12.125; 2
12.175; 3
12.225; 2
12.275; 3
12.325; 4
12.375; 4
12.425; 3
12.475; 2
12.525; 3
12.575; 2
12.625; 1
12.675; 4
12.725; 5
12.775; 8
12.825; 2
12.875; 6
12.925; 2
12.975; 2
13.025; 3
13.075; 2
13.125; 1
13.175; 4
13.225; 4
13.275; 3
13.325; 2
13.375; 0
13.425; 4
13.475; 2
13.525; 3
13.575; 1
13.625; 0
13.675; 7
13.725; 5
13.775; 1
13.825; 2
13.875; 4
13.925; 6
13.975; 4
14.025; 3
14.075; 2
14.125; 4
14.175; 3
14.225; 5
14.275; 4
14.325; 5
14.375; 6
14.425; 2
14.475; 3
14.525; 3
14.575; 7
14.625; 1
14.675; 4
14.725; 3
14.775; 2
14.825; 1
14.875; 3
14.925; 4
14.975; 1
15.025; 1
15.075; 5
15.125; 1
15.175; 6
15.225; 4
15.275; 1
15.325; 3
15.375; 3
15.425; 3
15.475; 2
15.525; 2
15.575; 3
15.625; 5
15.675; 1
15.725; 1
15.775; 2
15.825; 2
15.875; 2
15.925; 1
15.975; 1
16.025; 1
16.075; 2
16.125; 2
16.175; 4
16.225; 3
16.275; 3
16.325; 2
16.375; 3
16.425; 5
16.475; 3
16.525; 0
16.575; 2
16.625; 4
16.675; 0
16.725; 1
16.775; 1
16.825; 0
16.875; 3
16.925; 1
16.975; 4
17.025; 0
17.075; 3
17.125; 5
17.175; 1
17.225; 3
17.275; 0
17.325; 1
17.375; 1
17.425; 3
17.475; 2
17.525; 2
17.575; 4
17.625; 2
17.675; 2
17.725; 0
17.775; 2
17.825; 4
17.875; 2
17.925; 1
17.975; 1
18.025; 1
18.075; 4
18.125; 1
18.175; 3
18.225; 4
18.275; 3
18.325; 1
18.375; 4
18.425; 0
18.475; 3
18.525; 4
18.575; 2
18.625; 3
18.675; 1
18.725; 5
18.775; 1
18.825; 1
18.875; 2
18.925; 1
18.975; 1
19.025; 1
19.075; 0
19.125; 3
19.175; 5
19.225; 2
19.275; 3
19.325; 0
19.375; 3
19.425; 1
19.475; 4
19.525; 1
19.575; 1
19.625; 4
19.675; 2
19.725; 2
19.775; 3
19.825; 3
19.875; 1
19.925; 2
19.975; 4
20.025; 1
20.075; 2
20.125; 0
20.175; 2
20.225; 2
20.275; 2
20.325; 0
20.375; 1
20.425; 1
20.475; 4
20.525; 1
20.575; 1
20.625; 3
20.675; 3
20.725; 1
20.775; 0
20.825; 0
20.875; 2
20.925; 1
20.975; 1
21.025; 2
21.075; 3
21.125; 1
21.175; 3
21.225; 2
21.275; 2
21.325; 1
21.375; 0
21.425; 0
21.475; 0
21.525; 1
21.575; 1
21.625; 0
21.675; 0
21.725; 1
21.775; 1
21.825; 3
21.875; 2
21.925; 1
21.975; 3
22.025; 1
22.075; 2
22.125; 1
22.175; 2
22.225; 1
22.275; 0
22.325; 3
22.375; 1
22.425; 4
22.475; 0
22.525; 0
22.575; 3
22.625; 4
22.675; 3
22.725; 1
22.775; 0
22.825; 4
22.875; 1
22.925; 3
22.975; 2
23.025; 1
23.075; 3
23.125; 1
23.175; 0
23.225; 3
23.275; 1
23.325; 0
23.375; 2
23.425; 0
23.475; 0
23.525; 2
23.575; 2
23.625; 0
23.675; 3
23.725; 2
23.775; 0
23.825; 0
23.875; 0
23.925; 2
23.975; 1
24.025; 3
24.075; 1
24.125; 0
24.175; 3
24.225; 1
24.275; 1
24.325; 1
24.375; 1
24.425; 1
24.475; 1
24.525; 1
24.575; 1
24.625; 1
24.675; 0
24.725; 0
24.775; 2
24.825; 0
24.875; 1
24.925; 1
24.975; 1
25.025; 0
25.075; 3
25.125; 1
25.175; 0
25.225; 0
25.275; 1
25.325; 2
25.375; 0
25.425; 1
25.475; 0
25.525; 0
25.575; 0
25.625; 0
25.675; 3
25.725; 1
25.775; 0
25.825; 1
25.875; 0
25.925; 0
25.975; 0
26.025; 1
26.075; 1
26.125; 0
26.175; 0
26.225; 1
26.275; 2
26.325; 2
26.375; 0
26.425; 0
26.475; 0
26.525; 0
26.575; 0
26.625; 1
26.675; 0
26.725; 1
26.775; 0
26.825; 1
26.875; 0
26.925; 1
26.975; 0
27.025; 1
27.075; 2
27.125; 0
27.175; 0
27.225; 0
27.275; 0
27.325; 2
27.375; 0
27.425; 0
27.475; 0
27.525; 0
27.575; 1
27.625; 1
27.675; 0
27.725; 4
27.775; 0
27.825; 0
27.875; 1
27.925; 1
27.975; 0
28.025; 1
28.075; 1
28.125; 1
28.175; 1
28.225; 0
28.275; 0
28.325; 2
28.375; 0
28.425; 1
28.475; 2
28.525; 2
28.575; 0
28.625; 0
28.675; 0
28.725; 0
28.775; 0
28.825; 1
28.875; 2
28.925; 1
28.975; 1
29.025; 3
29.075; 0
29.125; 2
29.175; 0
29.225; 0
29.275; 1
29.325; 0
29.375; 0
29.425; 0
29.475; 2
29.525; 1
29.575; 0
29.625; 0
29.675; 0
29.725; 1
29.775; 0
29.825; 0
29.875; 0
29.925; 0
29.975; 1
30.025; 1
30.075; 0
30.125; 0
30.175; 2
30.225; 1
30.275; 1
30.325; 0
30.375; 0
30.425; 0
30.475; 2
30.525; 1
30.575; 1
30.625; 0
30.675; 0
30.725; 0
30.775; 1
30.825; 0
30.875; 1
30.925; 1
30.975; 0
31.025; 0
31.075; 0
31.125; 0
31.175; 0
31.225; 0
31.275; 1
31.325; 0
31.375; 0
31.425; 0
31.475; 2
31.525; 1
31.575; 1
31.625; 0
31.675; 1
31.725; 1
31.775; 0
31.825; 0
31.875; 0
31.925; 0
31.975; 0
32.025; 0
32.075; 0
32.125; 0
32.175; 1
32.225; 2
32.275; 1
32.325; 1
32.375; 0
32.425; 0
32.475; 2
32.525; 0
32.575; 0
32.625; 0
32.675; 1
32.725; 0
32.775; 0
32.825; 0
32.875; 0
32.925; 0
32.975; 0
33.025; 0
33.075; 1
33.125; 1
33.175; 1
33.225; 1
33.275; 1
33.325; 2
33.375; 0
33.425; 0
33.475; 0
33.525; 1
33.575; 0
33.625; 0
33.675; 0
33.725; 0
33.775; 1
33.825; 0
33.875; 0
33.925; 0
33.975; 1
34.025; 0
34.075; 1
34.125; 0
34.175; 1
34.225; 0
34.275; 0
34.325; 0
34.375; 3
34.425; 0
34.475; 3
34.525; 0
34.575; 0
34.625; 1
34.675; 2
34.725; 1
34.775; 1
34.825; 0
34.875; 0
34.925; 0
34.975; 0
35.025; 0
35.075; 0
35.125; 0
35.175; 0
35.225; 0
35.275; 0
35.325; 0
35.375; 0
35.425; 1
35.475; 0
35.525; 0
35.575; 0
35.625; 2
35.675; 0
35.725; 0
35.775; 1
35.825; 1
35.875; 0
35.925; 0
35.975; 0
36.025; 0
36.075; 0
36.125; 0
36.175; 1
36.225; 0
36.275; 0
36.325; 0
36.375; 0
36.425; 0
36.475; 0
36.525; 1
36.575; 0
36.625; 0
36.675; 0
36.725; 1
36.775; 0
36.825; 1
36.875; 1
36.925; 0
36.975; 0
37.025; 1
37.075; 0
37.125; 0
37.175; 1
37.225; 0
37.275; 0
37.325; 0
37.375; 0
37.425; 0
37.475; 0
37.525; 1
37.575; 0
37.625; 0
37.675; 0
37.725; 1
37.775; 0
37.825; 0
37.875; 0
37.925; 0
37.975; 0
38.025; 1
38.075; 0
38.125; 0
38.175; 0
38.225; 1
38.275; 0
38.325; 1
38.375; 1
38.425; 0
38.475; 0
38.525; 0
38.575; 2
38.625; 0
38.675; 0
38.725; 1
38.775; 0
38.825; 0
38.875; 0
38.925; 2
38.975; 0
39.025; 0
39.075; 0
39.125; 0
39.175; 0
39.225; 0
39.275; 0
39.325; 1
39.375; 0
39.425; 1
39.475; 0
39.525; 0
39.575; 1
39.625; 0
39.675; 0
39.725; 1
39.775; 0
39.825; 0
39.875; 1
39.925; 0
39.975; 0
40.025; 0
40.075; 0
40.125; 0
40.175; 0
40.225; 0
40.275; 1
40.325; 0
40.375; 0
40.425; 0
40.475; 0
40.525; 1
40.575; 0
40.625; 0
40.675; 1
40.725; 0
40.775; 0
40.825; 0
40.875; 0
40.925; 0
40.975; 0
41.025; 0
41.075; 0
41.125; 0
41.175; 0
41.225; 0
41.275; 0
41.325; 1
41.375; 1
41.425; 0
41.475; 0
41.525; 0
41.575; 0
41.625; 0
41.675; 0
41.725; 0
41.775; 0
41.825; 0
41.875; 0
41.925; 0
41.975; 0
42.025; 0
42.075; 1
42.125; 1
42.175; 0
42.225; 0
42.275; 0
42.325; 0
42.375; 1
42.425; 0
42.475; 0
42.525; 0
42.575; 0
42.625; 0
42.675; 0
42.725; 1
42.775; 1
42.825; 0
42.875; 0
42.925; 1
42.975; 1
43.025; 0
43.075; 0
43.125; 0
43.175; 0
43.225; 0
43.275; 0
43.325; 0
43.375; 0
43.425; 0
43.475; 0
43.525; 1
43.575; 0
43.625; 0
43.675; 0
43.725; 0
43.775; 0
43.825; 0
43.875; 1
43.925; 0
43.975; 0
44.025; 0
44.075; 1
44.125; 1
44.175; 0
44.225; 0
44.275; 0
44.325; 0
44.375; 0
44.425; 0
44.475; 0
44.525; 0
44.575; 0
44.625; 1
44.675; 0
44.725; 0
44.775; 0
44.825; 0
44.875; 0
44.925; 0
44.975; 0
45.025; 2
45.075; 0
45.125; 0
45.175; 0
45.225; 0
45.275; 0
45.325; 0
45.375; 0
45.425; 0
45.475; 0
45.525; 0
45.575; 0
45.625; 0
45.675; 0
45.725; 0
45.775; 0
45.825; 0
45.875; 1
45.925; 0
45.975; 1
46.025; 0
46.075; 0
46.125; 0
46.175; 0
46.225; 0
46.275; 0
46.325; 1
46.375; 0
46.425; 0
46.475; 0
46.525; 0
46.575; 0
46.625; 0
46.675; 0
46.725; 0
46.775; 0
46.825; 0
46.875; 0
46.925; 0
46.975; 0
47.025; 0
47.075; 0
47.125; 0
47.175; 0
47.225; 0
47.275; 0
47.325; 0
47.375; 0
47.425; 0
47.475; 0
47.525; 0
47.575; 0
47.625; 1
47.675; 0
47.725; 0
47.775; 0
47.825; 0
47.875; 0
47.925; 0
47.975; 0
48.025; 0
48.075; 0
48.125; 0
48.175; 0
48.225; 0
48.275; 0
48.325; 0
48.375; 0
48.425; 0
48.475; 0
48.525; 1
48.575; 0
48.625; 0
48.675; 0
48.725; 0
48.775; 0
48.825; 1
48.875; 0
48.925; 1
48.975; 0
49.025; 0
49.075; 0
49.125; 0
49.175; 0
49.225; 0
49.275; 0
49.325; 0
49.375; 0
49.425; 0
49.475; 0
49.525; 0
49.575; 0
49.625; 0
49.675; 0
49.725; 0
49.775; 0
49.825; 1
49.875; 0
49.925; 0
