0.025; 10
0.075; 14
0.125; 12
0.175; 19
0.225; 11
0.275; 7
0.325; 10
0.375; 7
0.425; 11
0.475; 1324
0.525; 15672
0.575; 22588
0.625; 16228
0.675; 10211
0.725; 6269
0.775; 4320
0.825; 3013
0.875; 2312
0.925; 1605
0.975; 1265
1.025; 1060
1.075; 866
1.125; 695
1.175; 592
1.225; 530
1.275; 453
1.325; 357
1.375; 350
1.425; 301
1.475; 258
1.525; 245
1.575; 223
1.625; 209
1.675; 194
1.725; 169
1.775; 154
1.825; 173
1.875; 130
1.925; 126
1.975; 132
2.025; 117
2.075; 99
2.125; 76
2.175; 112
2.225; 107
2.275; 73
2.325; 83
2.375; 83
2.425; 73
2.475; 70
2.525; 70
2.575; 80
2.625; 62
2.675; 66
2.725; 57
2.775; 70
2.825; 59
2.875; 61
2.925; 61
2.975; 52
3.025; 45
3.075; 45
3.125; 36
3.175; 59
3.225; 46
3.275; 51
3.325; 41
3.375; 54
3.425; 47
3.475; 40
3.525; 46
3.575; 48
3.625; 31
3.675; 33
3.725; 33
3.775; 37
3.825; 37
3.875; 32
3.925; 35
3.975; 32
4.025; 41
4.075; 40
4.125; 25
4.175; 41
4.225; 39
4.275; 35
4.325; 42
4.375; 38
4.425; 34
4.475; 21
4.525; 24
4.575; 37
4.625; 18
4.675; 26
4.725; 30
4.775; 30
4.825; 28
4.875; 20
4.925; 17
4.975; 19
5.025; 19
5.075; 18
5.125; 19
5.175; 23
5.225; 23
5.275; 11
5.325; 12
5.375; 16
5.425; 16
5.475; 26
5.525; 19
5.575; 16
5.625; 20
5.675; 19
5.725; 28
5.775; 16
5.825; 19
5.875; 19
5.925; 18
5.975; 16
6.025; 17
6.075; 16
6.125; 18
6.175; 19
6.225; 15
6.275; 16
6.325; 16
6.375; 16
6.425; 22
6.475; 21
6.525; 15
6.575; 19
6.625; 24
6.675; 14
6.725; 16
6.775; 20
6.825; 20
6.875; 16
6.925; 8
6.975; 17
7.025; 15
7.075; 11
7.125; 16
7.175; 12
7.225; 18
7.275; 16
7.325; 17
7.375; 12
7.425; 17
7.475; 15
7.525; 13
7.575; 8
7.625; 10
7.675; 13
7.725; 10
7.775; 14
7.825; 9
7.875; 12
7.925; 10
7.975; 10
8.025; 14
8.075; 10
8.125; 7
8.175; 20
8.225; 17
8.275; 7
8.325; 11
8.375; 12
8.425; 12
8.475; 6
8.525; 13
8.575; 13
8.625; 8
8.675; 8
8.725; 7
8.775; 10
8.825; 9
8.875; 13
8.925; 8
8.975; 6
9.025; 6
9.075; 12
9.125; 10
9.175; 10
9.225; 9
9.275; 8
9.325; 10
9.375; 9
9.425; 9
9.475; 7
9.525; 10
9.575; 6
9.625; 8
9.675; 9
9.725; 6
9.775; 5
9.825; 7
9.875; 6
9.925; 11
9.975; 12
10.025; 10
10.075; 6
10.125; 5
10.175; 8
10.225; 12
10.275; 12
10.325; 10
10.375; 5
10.425; 6
10.475; 5
10.525; 6
10.575; 13
10.625; 7
10.675; 2
10.725; 5
10.775; 4
10.825; 4
10.875; 9
10.925; 6
10.975; 3
11.025; 5
11.075; 3
11.125; 3
11.175; 6
11.225; 4
11.275; 6
11.325; 9
11.375; 7
11.425; 7
11.475; 8
11.525; 3
11.575; 2
11.625; 2
11.675; 4
11.725; 7
11.775; 8
11.825; 9
11.875; 5
11.925; 4
11.975; 7
12.025; 5
12.075; 5
12.125; 5
12.175; 7
12.225; 4
12.275; 6
12.325; 2
12.375; 4
12.425; 3
12.475; 11
12.525; 4
12.575; 8
12.625; 8
12.675; 1
12.725; 2
12.775; 5
12.825; 6
12.875; 5
12.925; 5
12.975; 7
13.025; 4
13.075; 5
13.125; 3
13.175; 3
13.225; 3
13.275; 8
13.325; 4
13.375; 2
13.425; 4
13.475; 3
13.525; 10
13.575; 6
13.625; 4
13.675; 3
13.725; 4
13.775; 2
13.825; 3
13.875; 7
13.925; 6
13.975; 7
14.025; 7
14.075; 7
14.125; 3
14.175; 7
14.225; 5
14.275; 2
14.325; 2
14.375; 3
14.425; 1
14.475; 2
14.525; 2
14.575; 3
14.625; 2
14.675; 2
14.725; 1
14.775; 3
14.825; 1
14.875; 5
14.925; 4
14.975; 3
15.025; 3
15.075; 2
15.125; 4
15.175; 5
15.225; 5
15.275; 0
15.325; 0
15.375; 3
15.425; 2
15.475; 5
15.525; 2
15.575; 1
15.625; 7
15.675; 4
15.725; 1
15.775; 3
15.825; 6
15.875; 4
15.925; 6
15.975; 4
16.025; 5
16.075; 8
16.125; 7
16.175; 5
16.225; 3
16.275; 3
16.325; 5
16.375; 6
16.425; 3
16.475; 2
16.525; 6
16.575; 2
16.625; 5
16.675; 3
16.725; 4
16.775; 4
16.825; 0
16.875; 3
16.925; 3
16.975; 2
17.025; 0
17.075; 4
17.125; 3
17.175; 6
17.225; 2
17.275; 2
17.325; 1
17.375; 6
17.425; 2
17.475; 1
17.525; 0
17.575; 2
17.625; 7
17.675; 5
17.725; 3
17.775; 1
17.825; 5
17.875; 2
17.925; 2
17.975; 2
18.025; 2
18.075; 7
18.125; 1
18.175; 2
18.225; 5
18.275; 1
18.325; 3
18.375; 4
18.425; 0
18.475; 2
18.525; 3
18.575; 3
18.625; 6
18.675; 3
18.725; 2
18.775; 3
18.825; 7
18.875; 5
18.925; 2
18.975; 4
19.025; 3
19.075; 4
19.125; 1
19.175; 1
19.225; 5
19.275; 2
19.325; 1
19.375; 4
19.425; 2
19.475; 3
19.525; 1
19.575; 2
19.625; 3
19.675; 2
19.725; 5
19.775; 5
19.825; 4
19.875; 4
19.925; 1
19.975; 5
20.025; 0
20.075; 0
20.125; 1
20.175; 2
20.225; 5
20.275; 1
20.325; 0
20.375; 1
20.425; 3
20.475; 2
20.525; 2
20.575; 1
20.625; 1
20.675; 1
20.725; 3
20.775; 3
20.825; 2
20.875; 1
20.925; 1
20.975; 4
21.025; 3
21.075; 2
21.125; 3
21.175; 0
21.225; 0
21.275; 0
21.325; 3
21.375; 0
21.425; 1
21.475; 6
21.525; 1
21.575; 0
21.625; 1
21.675; 3
21.725; 2
21.775; 3
21.825; 5
21.875; 2
21.925; 4
21.975; 2
22.025; 2
22.075; 2
22.125; 1
22.175; 2
22.225; 3
22.275; 0
22.325; 2
22.375; 0
22.425; 0
22.475; 3
22.525; 1
22.575; 3
22.625; 3
22.675; 2
22.725; 1
22.775; 0
22.825; 1
22.875; 2
22.925; 0
22.975; 1
23.025; 2
23.075; 2
23.125; 5
23.175; 1
23.225; 2
23.275; 0
23.325; 1
23.375; 0
23.425; 1
23.475; 3
23.525; 2
23.575; 0
23.625; 1
23.675; 3
23.725; 2
23.775; 2
23.825; 1
23.875; 1
23.925; 0
23.975; 3
24.025; 3
24.075; 2
24.125; 1
24.175; 1
24.225; 2
24.275; 1
24.325; 0
24.375; 0
24.425; 1
24.475; 4
24.525; 0
24.575; 1
24.625; 2
24.675; 0
24.725; 3
24.775; 2
24.825; 4
24.875; 0
24.925; 1
24.975; 1
25.025; 0
25.075; 0
25.125; 4
25.175; 2
25.225; 0
25.275; 0
25.325; 2
25.375; 3
25.425; 3
25.475; 0
25.525; 1
25.575; 0
25.625; 1
25.675; 1
25.725; 1
25.775; 0
25.825; 2
25.875; 1
25.925; 1
25.975; 2
26.025; 3
26.075; 0
26.125; 2
26.175; 0
26.225; 2
26.275; 3
26.325; 1
26.375; 3
26.425; 1
26.475; 0
26.525; 0
26.575; 3
26.625; 0
26.675; 1
26.725; 0
26.775; 3
26.825; 1
26.875; 0
26.925; 0
26.975; 2
27.025; 1
27.075; 0
27.125; 1
27.175; 1
27.225; 2
27.275; 1
27.325; 0
27.375; 1
27.425; 1
27.475; 1
27.525; 0
27.575; 1
27.625; 0
27.675; 0
27.725; 2
27.775; 0
27.825; 0
27.875; 1
27.925; 0
27.975; 2
28.025; 1
28.075; 1
28.125; 0
28.175; 0
28.225; 0
28.275; 0
28.325; 1
28.375; 1
28.425; 0
28.475; 0
28.525; 3
28.575; 0
28.625; 0
28.675; 1
28.725; 0
28.775; 0
28.825; 1
28.875; 1
28.925; 0
28.975; 0
29.025; 0
29.075; 0
29.125; 0
29.175; 0
29.225; 0
29.275; 0
29.325; 0
29.375; 0
29.425; 2
29.475; 0
29.525; 1
29.575; 0
29.625; 0
29.675; 1
29.725; 0
29.775; 3
29.825; 0
29.875; 2
29.925; 1
29.975; 1
30.025; 1
30.075; 2
30.125; 0
30.175; 1
30.225; 0
30.275; 2
30.325; 1
30.375; 0
30.425; 1
30.475; 3
30.525; 0
30.575; 1
30.625; 0
30.675; 1
30.725; 0
30.775; 0
30.825; 1
30.875; 1
30.925; 1
30.975; 0
31.025; 1
31.075; 1
31.125; 1
31.175; 0
31.225; 1
31.275; 3
31.325; 0
31.375; 0
31.425; 1
31.475; 0
31.525; 3
31.575; 1
31.625; 0
31.675; 3
31.725; 3
31.775; 0
31.825; 2
31.875; 1
31.925; 0
31.975; 1
32.025; 1
32.075; 0
32.125; 0
32.175; 0
32.225; 0
32.275; 1
32.325; 1
32.375; 0
32.425; 1
32.475; 0
32.525; 0
32.575; 1
32.625; 0
32.675; 0
32.725; 1
32.775; 1
32.825; 0
32.875; 0
32.925; 1
32.975; 0
33.025; 1
33.075; 0
33.125; 0
33.175; 0
33.225; 0
33.275; 0
33.325; 1
33.375; 0
33.425; 2
33.475; 0
33.525; 0
33.575; 0
33.625; 1
33.675; 1
33.725; 0
33.775; 0
33.825; 1
33.875; 0
33.925; 1
33.975; 2
34.025; 0
34.075; 0
34.125; 0
34.175; 1
34.225; 0
34.275; 0
34.325; 1
34.375; 0
34.425; 0
34.475; 1
34.525; 0
34.575; 1
34.625; 0
34.675; 0
34.725; 0
34.775; 2
34.825; 1
34.875; 0
34.925; 1
34.975; 2
35.025; 1
35.075; 0
35.125; 1
35.175; 0
35.225; 0
35.275; 1
35.325; 1
35.375; 1
35.425; 0
35.475; 0
35.525; 1
35.575; 0
35.625; 1
35.675; 1
35.725; 0
35.775; 0
35.825; 0
35.875; 0
35.925; 0
35.975; 1
36.025; 0
36.075; 2
36.125; 0
36.175; 0
36.225; 1
36.275; 0
36.325; 1
36.375; 4
36.425; 0
36.475; 0
36.525; 0
36.575; 0
36.625; 1
36.675; 0
36.725; 0
36.775; 1
36.825; 1
36.875; 1
36.925; 0
36.975; 0
37.025; 0
37.075; 0
37.125; 0
37.175; 0
37.225; 0
37.275; 1
37.325; 1
37.375; 3
37.425; 0
37.475; 0
37.525; 1
37.575; 0
37.625; 1
37.675; 0
37.725; 0
37.775; 1
37.825; 1
37.875; 1
37.925; 1
37.975; 1
38.025; 0
38.075; 0
38.125; 0
38.175; 1
38.225; 0
38.275; 0
38.325; 1
38.375; 1
38.425; 1
38.475; 0
38.525; 0
38.575; 2
38.625; 0
38.675; 1
38.725; 0
38.775; 0
38.825; 0
38.875; 0
38.925; 0
38.975; 0
39.025; 0
39.075; 0
39.125; 1
39.175; 0
39.225; 1
39.275; 0
39.325; 0
39.375; 0
39.425; 0
39.475; 0
39.525; 2
39.575; 0
39.625; 0
39.675; 0
39.725; 0
39.775; 0
39.825; 0
39.875; 0
39.925; 1
39.975; 0
40.025; 0
40.075; 2
40.125; 0
40.175; 0
40.225; 0
40.275; 1
40.325; 0
40.375; 0
40.425; 1
40.475; 1
40.525; 0
40.575; 0
40.625; 1
40.675; 0
40.725; 1
40.775; 1
40.825; 0
40.875; 0
40.925; 0
40.975; 1
41.025; 1
41.075; 0
41.125; 1
41.175; 0
41.225; 0
41.275; 0
41.325; 0
41.375; 0
41.425; 0
41.475; 0
41.525; 0
41.575; 0
41.625; 1
41.675; 1
41.725; 0
41.775; 0
41.825; 0
41.875; 0
41.925; 0
41.975; 1
42.025; 0
42.075; 0
42.125; 0
42.175; 0
42.225; 0
42.275; 0
42.325; 0
42.375; 1
42.425; 1
42.475; 0
42.525; 1
42.575; 1
42.625; 0
42.675; 0
42.725; 1
42.775; 1
42.825; 0
42.875; 0
42.925; 0
42.975; 1
43.025; 0
43.075; 0
43.125; 0
43.175; 0
43.225; 1
43.275; 1
43.325; 0
43.375; 1
43.425; 0
43.475; 0
43.525; 0
43.575; 0
43.625; 0
43.675; 1
43.725; 1
43.775; 0
43.825; 0
43.875; 0
43.925; 0
43.975; 0
44.025; 0
44.075; 0
44.125; 0
44.175; 0
44.225; 0
44.275; 0
44.325; 1
44.375; 0
44.425; 0
44.475; 0
44.525; 0
44.575; 0
44.625; 0
44.675; 0
44.725; 1
44.775; 0
44.825; 0
44.875; 0
44.925; 0
44.975; 0
45.025; 0
45.075; 0
45.125; 1
45.175; 0
45.225; 0
45.275; 0
45.325; 0
45.375; 0
45.425; 0
45.475; 0
45.525; 0
45.575; 0
45.625; 0
45.675; 1
45.725; 0
45.775; 0
45.825; 0
45.875; 0
45.925; 0
45.975; 0
46.025; 0
46.075; 0
46.125; 0
46.175; 0
46.225; 0
46.275; 0
46.325; 0
46.375; 1
46.425; 0
46.475; 0
46.525; 1
46.575; 0
46.625; 0
46.675; 0
46.725; 0
46.775; 0
46.825; 1
46.875; 0
46.925; 0
46.975; 0
47.025; 0
47.075; 0
47.125; 1
47.175; 0
47.225; 0
47.275; 2
47.325; 0
47.375; 0
47.425; 0
47.475; 0
47.525; 0
47.575; 0
47.625; 1
47.675; 0
47.725; 1
47.775; 0
47.825; 0
47.875; 0
47.925; 0
47.975; 0
48.025; 0
48.075; 0
48.125; 0
48.175; 0
48.225; 1
48.275; 0
48.325; 0
48.375; 1
48.425; 1
48.475; 0
48.525; 0
48.575; 0
48.625; 0
48.675; 0
48.725; 0
48.775; 0
48.825; 0
48.875; 0
48.925; 0
48.975; 0
49.025; 1
49.075; 0
49.125; 1
49.175; 0
49.225; 0
49.275; 0
49.325; 1
49.375; 0
49.425; 0
49.475; 0
49.525; 1
49.575; 0
49.625; 0
49.675; 0
49.725; 1
49.775; 0
49.825; 0
49.875; 2
49.925; 0
