0.025; 49
0.075; 35
0.125; 43
0.175; 34
0.225; 40
0.275; 44
0.325; 44
0.375; 35
0.425; 39
0.475; 663
0.525; 10646
0.575; 19098
0.625; 14656
0.675; 9207
0.725; 5855
0.775; 4055
0.825; 2933
0.875; 2099
0.925; 1738
0.975; 1249
1.025; 1075
1.075; 880
1.125; 741
1.175; 633
1.225; 527
1.275; 481
1.325; 403
1.375; 371
1.425; 349
1.475; 311
1.525; 273
1.575; 226
1.625; 235
1.675; 195
1.725; 192
1.775; 160
1.825; 152
1.875; 172
1.925; 139
1.975; 144
2.025; 107
2.075; 134
2.125; 117
2.175; 120
2.225; 101
2.275; 114
2.325; 104
2.375; 84
2.425; 83
2.475; 86
2.525; 80
2.575; 81
2.625; 76
2.675; 65
2.725; 83
2.775; 65
2.825; 59
2.875; 54
2.925; 56
2.975; 60
3.025; 59
3.075; 56
3.125; 49
3.175; 53
3.225; 40
3.275; 46
3.325; 36
3.375; 58
3.425; 53
3.475; 40
3.525; 42
3.575; 39
3.625; 55
3.675; 40
3.725; 44
3.775; 36
3.825; 44
3.875; 49
3.925; 37
3.975; 44
4.025; 30
4.075; 30
4.125; 36
4.175; 42
4.225; 31
4.275; 25
4.325; 28
4.375; 37
4.425; 30
4.475; 34
4.525; 34
4.575; 39
4.625; 34
4.675; 29
4.725; 23
4.775; 26
4.825; 27
4.875; 33
4.925; 31
4.975; 21
5.025; 30
5.075; 31
5.125; 20
5.175; 22
5.225; 18
5.275; 23
5.325; 27
5.375; 17
5.425; 24
5.475; 10
5.525; 17
5.575; 18
5.625; 25
5.675; 14
5.725; 14
5.775; 22
5.825; 23
5.875; 14
5.925; 20
5.975; 14
6.025; 16
6.075; 15
6.125; 16
6.175; 17
6.225; 15
6.275; 17
6.325; 23
6.375; 17
6.425; 14
6.475; 18
6.525; 9
6.575; 13
6.625; 11
6.675; 11
6.725; 13
6.775; 17
6.825; 14
6.875; 17
6.925; 13
6.975; 8
7.025; 16
7.075; 12
7.125; 5
7.175; 13
7.225; 12
7.275; 13
7.325; 8
7.375; 11
7.425; 11
7.475; 8
7.525; 16
7.575; 11
7.625; 15
7.675; 7
7.725; 15
7.775; 5
7.825; 13
7.875; 12
7.925; 9
7.975; 15
8.025; 10
8.075; 8
8.125; 5
8.175; 5
8.225; 4
8.275; 11
8.325; 8
8.375; 9
8.425; 9
8.475; 11
8.525; 9
8.575; 5
8.625; 6
8.675; 11
8.725; 10
8.775; 11
8.825; 11
8.875; 11
8.925; 6
8.975; 6
9.025; 5
9.075; 8
9.125; 4
9.175; 11
9.225; 5
9.275; 9
9.325; 7
9.375; 9
9.425; 4
9.475; 5
9.525; 7
9.575; 6
9.625; 8
9.675; 8
9.725; 8
9.775; 6
9.825; 9
9.875; 9
9.925; 9
9.975; 7
10.025; 9
10.075; 7
10.125; 5
10.175; 7
10.225; 5
10.275; 9
10.325; 7
10.375; 6
10.425; 6
10.475; 4
10.525; 7
10.575; 7
10.625; 5
10.675; 9
10.725; 6
10.775; 4
10.825; 7
10.875; 3
10.925; 6
10.975; 3
11.025; 4
11.075; 8
11.125; 6
11.175; 3
11.225; 3
11.275; 6
11.325; 9
11.375; 2
11.425; 9
11.475; 4
11.525; 4
11.575; 3
11.625; 5
11.675; 6
11.725; 0
11.775; 6
11.825; 4
11.875; 3
11.925; 5
11.975; 5
12.025; 4
12.075; 6
12.125; 7
12.175; 5
12.225; 4
12.275; 4
12.325; 5
12.375; 6
12.425; 3
12.475; 3
12.525; 4
12.575; 9
12.625; 6
12.675; 8
12.725; 4
12.775; 4
12.825; 5
12.875; 2
12.925; 11
12.975; 6
13.025; 6
13.075; 6
13.125; 2
13.175; 6
13.225; 5
13.275; 1
13.325; 4
13.375; 3
13.425; 5
13.475; 6
13.525; 3
13.575; 2
13.625; 5
13.675; 0
13.725; 4
13.775; 4
13.825; 4
13.875; 6
13.925; 1
13.975; 3
14.025; 6
14.075; 1
14.125; 2
14.175; 3
14.225; 2
14.275; 4
14.325; 6
14.375; 3
14.425; 5
14.475; 3
14.525; 5
14.575; 5
14.625; 2
14.675; 5
14.725; 6
14.775; 1
14.825; 4
14.875; 5
14.925; 1
14.975; 2
15.025; 1
15.075; 1
15.125; 1
15.175; 2
15.225; 3
15.275; 0
15.325; 3
15.375; 0
15.425; 0
15.475; 4
15.525; 3
15.575; 4
15.625; 0
15.675; 4
15.725; 2
15.775; 3
15.825; 1
15.875; 5
15.925; 4
15.975; 2
16.025; 5
16.075; 1
16.125; 5
16.175; 6
16.225; 1
16.275; 0
16.325; 4
16.375; 5
16.425; 1
16.475; 3
16.525; 1
16.575; 1
16.625; 3
16.675; 1
16.725; 2
16.775; 1
16.825; 2
16.875; 3
16.925; 2
16.975; 1
17.025; 2
17.075; 1
17.125; 4
17.175; 3
17.225; 1
17.275; 1
17.325; 1
17.375; 2
17.425; 0
17.475; 4
17.525; 1
17.575; 2
17.625; 5
17.675; 4
17.725; 2
17.775; 2
17.825; 2
17.875; 1
17.925; 1
17.975; 2
18.025; 2
18.075; 3
18.125; 5
18.175; 3
18.225; 3
18.275; 3
18.325; 5
18.375; 1
18.425; 2
18.475; 3
18.525; 3
18.575; 1
18.625; 1
18.675; 4
18.725; 0
18.775; 1
18.825; 2
18.875; 4
18.925; 1
18.975; 3
19.025; 2
19.075; 3
19.125; 2
19.175; 0
19.225; 2
19.275; 3
19.325; 3
19.375; 3
19.425; 3
19.475; 1
19.525; 1
19.575; 2
19.625; 0
19.675; 2
19.725; 2
19.775; 3
19.825; 1
19.875; 1
19.925; 4
19.975; 3
20.025; 5
20.075; 2
20.125; 1
20.175; 1
20.225; 1
20.275; 2
20.325; 3
20.375; 2
20.425; 1
20.475; 0
20.525; 0
20.575; 5
20.625; 1
20.675; 1
20.725; 2
20.775; 3
20.825; 3
20.875; 3
20.925; 0
20.975; 4
21.025; 2
21.075; 2
21.125; 1
21.175; 1
21.225; 1
21.275; 1
21.325; 3
21.375; 1
21.425; 1
21.475; 2
21.525; 1
21.575; 3
21.625; 1
21.675; 2
21.725; 0
21.775; 1
21.825; 1
21.875; 4
21.925; 2
21.975; 1
22.025; 2
22.075; 3
22.125; 0
22.175; 4
22.225; 2
22.275; 3
22.325; 1
22.375; 0
22.425; 1
22.475; 2
22.525; 2
22.575; 1
22.625; 0
22.675; 1
22.725; 2
22.775; 2
22.825; 3
22.875; 4
22.925; 2
22.975; 2
23.025; 2
23.075; 1
23.125; 0
23.175; 3
23.225; 1
23.275; 0
23.325; 0
23.375; 2
23.425; 2
23.475; 2
23.525; 1
23.575; 1
23.625; 3
23.675; 2
23.725; 1
23.775; 0
23.825; 4
23.875; 0
23.925; 1
23.975; 3
24.025; 1
24.075; 4
24.125; 1
24.175; 2
24.225; 2
24.275; 3
24.325; 2
24.375; 0
24.425; 0
24.475; 1
24.525; 1
24.575; 1
24.625; 1
24.675; 0
24.725; 1
24.775; 1
24.825; 1
24.875; 2
24.925; 1
24.975; 1
25.025; 0
25.075; 1
25.125; 2
25.175; 2
25.225; 3
25.275; 0
25.325; 2
25.375; 0
25.425; 1
25.475; 0
25.525; 0
25.575; 1
25.625; 2
25.675; 1
25.725; 1
25.775; 1
25.825; 1
25.875; 3
25.925; 1
25.975; 2
26.025; 0
26.075; 0
26.125; 0
26.175; 1
26.225; 2
26.275; 1
26.325; 1
26.375; 0
26.425; 2
26.475; 1
26.525; 0
26.575; 1
26.625; 1
26.675; 2
26.725; 1
26.775; 2
26.825; 1
26.875; 2
26.925; 1
26.975; 0
27.025; 3
27.075; 1
27.125; 0
27.175; 1
27.225; 0
27.275; 1
27.325; 2
27.375; 0
27.425; 0
27.475; 1
27.525; 0
27.575; 1
27.625; 1
27.675; 0
27.725; 0
27.775; 1
27.825; 2
27.875; 0
27.925; 1
27.975; 1
28.025; 0
28.075; 1
28.125; 1
28.175; 0
28.225; 0
28.275; 1
28.325; 0
28.375; 0
28.425; 0
28.475; 0
28.525; 0
28.575; 0
28.625; 1
28.675; 1
28.725; 0
28.775; 0
28.825; 2
28.875; 1
28.925; 1
28.975; 0
29.025; 0
29.075; 1
29.125; 0
29.175; 0
29.225; 0
29.275; 0
29.325; 1
29.375; 0
29.425; 1
29.475; 2
29.525; 2
29.575; 0
29.625; 1
29.675; 1
29.725; 0
29.775; 1
29.825; 0
29.875; 0
29.925; 0
29.975; 0
30.025; 1
30.075; 0
30.125; 2
30.175; 1
30.225; 1
30.275; 0
30.325; 0
30.375; 0
30.425; 1
30.475; 3
30.525; 1
30.575; 0
30.625; 0
30.675; 0
30.725; 0
30.775; 0
30.825; 2
30.875; 1
30.925; 1
30.975; 1
31.025; 1
31.075; 0
31.125; 0
31.175; 0
31.225; 2
31.275; 1
31.325; 2
31.375; 2
31.425; 0
31.475; 0
31.525; 2
31.575; 0
31.625; 1
31.675; 2
31.725; 1
31.775; 0
31.825; 1
31.875; 0
31.925; 0
31.975; 2
32.025; 1
32.075; 0
32.125; 1
32.175; 1
32.225; 1
32.275; 0
32.325; 0
32.375; 0
32.425; 0
32.475; 1
32.525; 2
32.575; 1
32.625; 1
32.675; 1
32.725; 1
32.775; 0
32.825; 0
32.875; 0
32.925; 2
32.975; 1
33.025; 0
33.075; 2
33.125; 1
33.175; 0
33.225; 0
33.275; 1
33.325; 0
33.375; 0
33.425; 0
33.475; 0
33.525; 1
33.575; 0
33.625; 1
33.675; 1
33.725; 0
33.775; 0
33.825; 0
33.875; 1
33.925; 0
33.975; 1
34.025; 2
34.075; 1
34.125; 0
34.175; 0
34.225; 0
34.275; 0
34.325; 0
34.375; 1
34.425; 1
34.475; 1
34.525; 0
34.575; 1
34.625; 1
34.675; 0
34.725; 0
34.775; 1
34.825; 1
34.875; 0
34.925; 1
34.975; 1
35.025; 0
35.075; 0
35.125; 0
35.175; 0
35.225; 0
35.275; 1
35.325; 0
35.375; 1
35.425; 3
35.475; 0
35.525; 2
35.575; 1
35.625; 0
35.675; 1
35.725; 0
35.775; 3
35.825; 0
35.875; 0
35.925; 0
35.975; 1
36.025; 0
36.075; 0
36.125; 0
36.175; 0
36.225; 0
36.275; 0
36.325; 1
36.375; 2
36.425; 1
36.475; 1
36.525; 0
36.575; 0
36.625; 0
36.675; 1
36.725; 0
36.775; 1
36.825; 0
36.875; 0
36.925; 0
36.975; 2
37.025; 1
37.075; 1
37.125; 0
37.175; 0
37.225; 0
37.275; 0
37.325; 0
37.375; 1
37.425; 1
37.475; 0
37.525; 0
37.575; 0
37.625; 0
37.675; 0
37.725; 2
37.775; 0
37.825; 0
37.875; 0
37.925; 0
37.975; 0
38.025; 0
38.075; 0
38.125; 0
38.175; 0
38.225; 0
38.275; 0
38.325; 0
38.375; 1
38.425; 1
38.475; 0
38.525; 0
38.575; 2
38.625; 1
38.675; 1
38.725; 0
38.775; 0
38.825; 0
38.875; 0
38.925; 1
38.975; 2
39.025; 2
39.075; 1
39.125; 0
39.175; 0
39.225; 0
39.275; 2
39.325; 0
39.375; 0
39.425; 1
39.475; 1
39.525; 0
39.575; 0
39.625; 0
39.675; 0
39.725; 0
39.775; 0
39.825; 1
39.875; 0
39.925; 0
39.975; 0
40.025; 1
40.075; 2
40.125; 0
40.175; 1
40.225; 0
40.275; 0
40.325; 1
40.375; 1
40.425; 0
40.475; 0
40.525; 1
40.575; 2
40.625; 0
40.675; 0
40.725; 1
40.775; 0
40.825; 1
40.875; 0
40.925; 0
40.975; 0
41.025; 2
41.075; 0
41.125; 0
41.175; 0
41.225; 0
41.275; 0
41.325; 0
41.375; 0
41.425; 0
41.475; 0
41.525; 1
41.575; 0
41.625; 0
41.675; 0
41.725; 0
41.775; 1
41.825; 1
41.875; 0
41.925; 0
41.975; 0
42.025; 0
42.075; 0
42.125; 1
42.175; 0
42.225; 0
42.275; 1
42.325; 0
42.375; 0
42.425; 0
42.475; 0
42.525; 0
42.575; 1
42.625; 0
42.675; 1
42.725; 0
42.775; 0
42.825; 0
42.875; 1
42.925; 0
42.975; 0
43.025; 1
43.075; 1
43.125; 0
43.175; 0
43.225; 0
43.275; 0
43.325; 0
43.375; 0
43.425; 0
43.475; 0
43.525; 0
43.575; 0
43.625; 1
43.675; 0
43.725; 1
43.775; 1
43.825; 0
43.875; 0
43.925; 0
43.975; 0
44.025; 0
44.075; 0
44.125; 0
44.175; 0
44.225; 2
44.275; 0
44.325; 0
44.375; 0
44.425; 0
44.475; 0
44.525; 1
44.575; 0
44.625; 0
44.675; 0
44.725; 0
44.775; 0
44.825; 0
44.875; 0
44.925; 0
44.975; 0
45.025; 1
45.075; 0
45.125; 0
45.175; 0
45.225; 1
45.275; 0
45.325; 0
45.375; 0
45.425; 0
45.475; 0
45.525; 0
45.575; 1
45.625; 0
45.675; 0
45.725; 0
45.775; 0
45.825; 1
45.875; 0
45.925; 0
45.975; 0
46.025; 1
46.075; 1
46.125; 0
46.175; 1
46.225; 0
46.275; 0
46.325; 0
46.375; 0
46.425; 0
46.475; 0
46.525; 0
46.575; 0
46.625; 1
46.675; 0
46.725; 0
46.775; 0
46.825; 0
46.875; 0
46.925; 0
46.975; 0
47.025; 0
47.075; 1
47.125; 0
47.175; 0
47.225; 0
47.275; 0
47.325; 0
47.375; 0
47.425; 1
47.475; 0
47.525; 0
47.575; 0
47.625; 0
47.675; 0
47.725; 0
47.775; 0
47.825; 0
47.875; 0
47.925; 0
47.975; 0
48.025; 0
48.075; 1
48.125; 0
48.175; 0
48.225; 0
48.275; 0
48.325; 0
48.375; 0
48.425; 0
48.475; 1
48.525; 0
48.575; 1
48.625; 0
48.675; 0
48.725; 0
48.775; 1
48.825; 0
48.875; 0
48.925; 0
48.975; 0
49.025; 0
49.075; 0
49.125; 0
49.175; 1
49.225; 0
49.275; 0
49.325; 0
49.375; 0
49.425; 0
49.475; 0
49.525; 0
49.575; 0
49.625; 0
49.675; 0
49.725; 0
49.775; 0
49.825; 0
49.875; 0
49.925; 0
