0.025; 442
0.075; 421
0.125; 431
0.175; 365
0.225; 327
0.275; 340
0.325; 369
0.375; 353
0.425; 478
0.475; 1670
0.525; 2919
0.575; 3105
0.625; 2707
0.675; 2298
0.725; 1763
0.775; 1399
0.825; 1078
0.875; 823
0.925; 659
0.975; 476
1.025; 424
1.075; 309
1.125; 273
1.175; 229
1.225; 191
1.275; 216
1.325; 173
1.375; 145
1.425; 135
1.475; 126
1.525; 112
1.575; 124
1.625; 100
1.675; 76
1.725; 101
1.775; 78
1.825; 89
1.875; 84
1.925; 78
1.975; 65
2.025; 79
2.075; 78
2.125; 62
2.175; 48
2.225; 51
2.275; 54
2.325; 45
2.375; 50
2.425; 64
2.475; 38
2.525; 47
2.575; 38
2.625; 34
2.675; 38
2.725; 39
2.775; 26
2.825; 45
2.875; 40
2.925; 36
2.975; 28
3.025; 28
3.075; 34
3.125; 30
3.175; 33
3.225; 24
3.275; 22
3.325; 27
3.375; 27
3.425; 31
3.475; 22
3.525; 20
3.575; 29
3.625; 15
3.675; 20
3.725; 24
3.775; 14
3.825; 19
3.875; 24
3.925; 20
3.975; 19
4.025; 15
4.075; 17
4.125; 22
4.175; 18
4.225; 27
4.275; 18
4.325; 18
4.375; 15
4.425; 11
4.475; 24
4.525; 17
4.575; 12
4.625; 17
4.675; 14
4.725; 11
4.775; 8
4.825; 12
4.875; 16
4.925; 16
4.975; 11
5.025; 12
5.075; 17
5.125; 10
5.175; 12
5.225; 5
5.275; 11
5.325; 10
5.375; 10
5.425; 14
5.475; 10
5.525; 18
5.575; 13
5.625; 8
5.675; 12
5.725; 10
5.775; 12
5.825; 15
5.875; 9
5.925; 8
5.975; 9
6.025; 10
6.075; 5
6.125; 13
6.175; 9
6.225; 11
6.275; 9
6.325; 18
6.375; 21
6.425; 13
6.475; 11
6.525; 7
6.575; 8
6.625; 10
6.675; 7
6.725; 10
6.775; 12
6.825; 8
6.875; 6
6.925; 5
6.975; 14
7.025; 7
7.075; 3
7.125; 4
7.175; 7
7.225; 7
7.275; 6
7.325; 3
7.375; 7
7.425; 5
7.475; 9
7.525; 11
7.575; 3
7.625; 4
7.675; 7
7.725; 5
7.775; 5
7.825; 5
7.875; 7
7.925; 8
7.975; 1
8.025; 9
8.075; 8
8.125; 5
8.175; 10
8.225; 5
8.275; 9
8.325; 7
8.375; 10
8.425; 4
8.475; 5
8.525; 7
8.575; 2
8.625; 5
8.675; 8
8.725; 6
8.775; 8
8.825; 6
8.875; 4
8.925; 5
8.975; 3
9.025; 7
9.075; 5
9.125; 13
9.175; 4
9.225; 4
9.275; 4
9.325; 7
9.375; 5
9.425; 5
9.475; 8
9.525; 7
9.575; 7
9.625; 4
9.675; 7
9.725; 4
9.775; 6
9.825; 11
9.875; 1
9.925; 2
9.975; 3
10.025; 5
10.075; 1
10.125; 2
10.175; 0
10.225; 2
10.275; 7
10.325; 1
10.375; 5
10.425; 1
10.475; 10
10.525; 5
10.575; 5
10.625; 2
10.675; 4
10.725; 4
10.775; 2
10.825; 3
10.875; 1
10.925; 3
10.975; 3
11.025; 3
11.075; 4
11.125; 3
11.175; 7
11.225; 1
11.275; 3
11.325; 1
11.375; 5
11.425; 3
11.475; 3
11.525; 3
11.575; 2
11.625; 2
11.675; 5
11.725; 3
11.775; 1
11.825; 8
11.875; 3
11.925; 3
11.975; 2
12.025; 1
12.075; 7
12.125; 1
12.175; 1
12.225; 2
12.275; 2
12.325; 5
12.375; 5
12.425; 1
12.475; 4
12.525; 0
12.575; 1
12.625; 5
12.675; 4
12.725; 5
12.775; 3
12.825; 6
12.875; 6
12.925; 1
12.975; 2
13.025; 2
13.075; 2
13.125; 0
13.175; 2
13.225; 1
13.275; 1
13.325; 5
13.375; 2
13.425; 4
13.475; 1
13.525; 1
13.575; 1
13.625; 4
13.675; 1
13.725; 3
13.775; 2
13.825; 1
13.875; 1
13.925; 0
13.975; 2
14.025; 3
14.075; 1
14.125; 2
14.175; 1
14.225; 2
14.275; 2
14.325; 1
14.375; 1
14.425; 5
14.475; 3
14.525; 0
14.575; 2
14.625; 2
14.675; 4
14.725; 1
14.775; 3
14.825; 1
14.875; 1
14.925; 1
14.975; 2
15.025; 5
15.075; 0
15.125; 0
15.175; 2
15.225; 5
15.275; 1
15.325; 2
15.375; 3
15.425; 3
15.475; 1
15.525; 1
15.575; 1
15.625; 3
15.675; 1
15.725; 4
15.775; 5
15.825; 2
15.875; 1
15.925; 2
15.975; 1
16.025; 1
16.075; 5
16.125; 1
16.175; 2
16.225; 1
16.275; 1
16.325; 3
16.375; 2
16.425; 4
16.475; 2
16.525; 4
16.575; 1
16.625; 2
16.675; 2
16.725; 4
16.775; 2
16.825; 0
16.875; 1
16.925; 3
16.975; 0
17.025; 0
17.075; 0
17.125; 0
17.175; 0
17.225; 0
17.275; 1
17.325; 2
17.375; 1
17.425; 1
17.475; 2
17.525; 0
17.575; 3
17.625; 1
17.675; 0
17.725; 2
17.775; 0
17.825; 2
17.875; 3
17.925; 4
17.975; 3
18.025; 0
18.075; 1
18.125; 2
18.175; 4
18.225; 3
18.275; 2
18.325; 3
18.375; 0
18.425; 1
18.475; 1
18.525; 1
18.575; 1
18.625; 1
18.675; 3
18.725; 0
18.775; 3
18.825; 1
18.875; 3
18.925; 2
18.975; 0
19.025; 1
19.075; 2
19.125; 0
19.175; 1
19.225; 4
19.275; 4
19.325; 1
19.375; 1
19.425; 1
19.475; 0
19.525; 1
19.575; 3
19.625; 1
19.675; 1
19.725; 1
19.775; 3
19.825; 0
19.875; 2
19.925; 3
19.975; 1
20.025; 2
20.075; 1
20.125; 0
20.175; 0
20.225; 1
20.275; 1
20.325; 0
20.375; 4
20.425; 0
20.475; 1
20.525; 0
20.575; 1
20.625; 0
20.675; 0
20.725; 1
20.775; 1
20.825; 2
20.875; 0
20.925; 0
20.975; 2
21.025; 0
21.075; 0
21.125; 3
21.175; 3
21.225; 1
21.275; 2
21.325; 1
21.375; 0
21.425; 1
21.475; 0
21.525; 0
21.575; 1
21.625; 1
21.675; 2
21.725; 1
21.775; 0
21.825; 0
21.875; 5
21.925; 0
21.975; 0
22.025; 3
22.075; 2
22.125; 1
22.175; 0
22.225; 0
22.275; 1
22.325; 0
22.375; 0
22.425; 0
22.475; 2
22.525; 2
22.575; 2
22.625; 0
22.675; 0
22.725; 2
22.775; 0
22.825; 0
22.875; 0
22.925; 0
22.975; 2
23.025; 1
23.075; 1
23.125; 1
23.175; 0
23.225; 0
23.275; 0
23.325; 0
23.375; 1
23.425; 1
23.475; 1
23.525; 1
23.575; 1
23.625; 1
23.675; 0
23.725; 1
23.775; 2
23.825; 1
23.875; 1
23.925; 1
23.975; 0
24.025; 0
24.075; 0
24.125; 0
24.175; 1
24.225; 2
24.275; 0
24.325; 1
24.375; 1
24.425; 0
24.475; 2
24.525; 2
24.575; 1
24.625; 1
24.675; 1
24.725; 1
24.775; 0
24.825; 1
24.875; 2
24.925; 1
24.975; 2
25.025; 0
25.075; 0
25.125; 0
25.175; 1
25.225; 1
25.275; 1
25.325; 1
25.375; 1
25.425; 1
25.475; 0
25.525; 0
25.575; 1
25.625; 2
25.675; 0
25.725; 1
25.775; 2
25.825; 0
25.875; 1
25.925; 0
25.975; 0
26.025; 1
26.075; 0
26.125; 0
26.175; 0
26.225; 1
26.275; 0
26.325; 0
26.375; 1
26.425; 0
26.475; 1
26.525; 1
26.575; 0
26.625; 0
26.675; 0
26.725; 2
26.775; 0
26.825; 0
26.875; 0
26.925; 0
26.975; 0
27.025; 0
27.075; 0
27.125; 4
27.175; 1
27.225; 1
27.275; 0
27.325; 1
27.375; 0
27.425; 1
27.475; 1
27.525; 0
27.575; 1
27.625; 0
27.675; 0
27.725; 1
27.775; 1
27.825; 0
27.875; 1
27.925; 0
27.975; 1
28.025; 0
28.075; 0
28.125; 1
28.175; 1
28.225; 1
28.275; 0
28.325; 0
28.375; 1
28.425; 2
28.475; 0
28.525; 2
28.575; 0
28.625; 0
28.675; 2
28.725; 1
28.775; 0
28.825; 1
28.875; 1
28.925; 0
28.975; 0
29.025; 1
29.075; 0
29.125; 0
29.175; 0
29.225; 1
29.275; 0
29.325; 0
29.375; 0
29.425; 1
29.475; 1
29.525; 1
29.575; 1
29.625; 0
29.675; 2
29.725; 0
29.775; 0
29.825; 1
29.875; 0
29.925; 0
29.975; 0
30.025; 0
30.075; 1
30.125; 2
30.175; 2
30.225; 0
30.275; 0
30.325; 0
30.375; 0
30.425; 0
30.475; 0
30.525; 0
30.575; 0
30.625; 0
30.675; 0
30.725; 0
30.775; 0
30.825; 0
30.875; 0
30.925; 0
30.975; 0
31.025; 0
31.075; 0
31.125; 0
31.175; 0
31.225; 1
31.275; 0
31.325; 0
31.375; 1
31.425; 0
31.475; 0
31.525; 0
31.575; 1
31.625; 0
31.675; 0
31.725; 1
31.775; 1
31.825; 0
31.875; 1
31.925; 0
31.975; 0
32.025; 1
32.075; 0
32.125; 0
32.175; 0
32.225; 0
32.275; 0
32.325; 1
32.375; 2
32.425; 0
32.475; 0
32.525; 0
32.575; 0
32.625; 2
32.675; 0
32.725; 1
32.775; 0
32.825; 0
32.875; 0
32.925; 0
32.975; 0
33.025; 2
33.075; 0
33.125; 1
33.175; 0
33.225; 1
33.275; 1
33.325; 0
33.375; 0
33.425; 1
33.475; 0
33.525; 1
33.575; 1
33.625; 1
33.675; 0
33.725; 1
33.775; 0
33.825; 0
33.875; 1
33.925; 0
33.975; 0
34.025; 0
34.075; 1
34.125; 0
34.175; 0
34.225; 1
34.275; 0
34.325; 2
34.375; 0
34.425; 0
34.475; 0
34.525; 0
34.575; 0
34.625; 1
34.675; 0
34.725; 1
34.775; 1
34.825; 1
34.875; 0
34.925; 0
34.975; 0
35.025; 0
35.075; 1
35.125; 0
35.175; 0
35.225; 0
35.275; 0
35.325; 0
35.375; 0
35.425; 2
35.475; 0
35.525; 1
35.575; 0
35.625; 2
35.675; 1
35.725; 0
35.775; 0
35.825; 0
35.875; 0
35.925; 1
35.975; 0
36.025; 1
36.075; 0
36.125; 1
36.175; 1
36.225; 0
36.275; 0
36.325; 0
36.375; 0
36.425; 0
36.475; 1
36.525; 0
36.575; 0
36.625; 0
36.675; 1
36.725; 1
36.775; 2
36.825; 0
36.875; 1
36.925; 1
36.975; 2
37.025; 0
37.075; 0
37.125; 0
37.175; 1
37.225; 0
37.275; 0
37.325; 0
37.375; 0
37.425; 0
37.475; 0
37.525; 1
37.575; 0
37.625; 0
37.675; 0
37.725; 0
37.775; 0
37.825; 0
37.875; 0
37.925; 1
37.975; 0
38.025; 0
38.075; 0
38.125; 0
38.175; 1
38.225; 0
38.275; 0
38.325; 0
38.375; 0
38.425; 1
38.475; 0
38.525; 0
38.575; 0
38.625; 0
38.675; 0
38.725; 0
38.775; 1
38.825; 0
38.875; 1
38.925; 0
38.975; 0
39.025; 0
39.075; 0
39.125; 0
39.175; 0
39.225; 0
39.275; 1
39.325; 0
39.375; 0
39.425; 0
39.475; 0
39.525; 0
39.575; 0
39.625; 0
39.675; 0
39.725; 1
39.775; 0
39.825; 0
39.875; 0
39.925; 0
39.975; 0
40.025; 1
40.075; 1
40.125; 0
40.175; 0
40.225; 0
40.275; 0
40.325; 0
40.375; 1
40.425; 0
40.475; 0
40.525; 0
40.575; 0
40.625; 0
40.675; 0
40.725; 1
40.775; 0
40.825; 0
40.875; 0
40.925; 1
40.975; 0
41.025; 0
41.075; 1
41.125; 1
41.175; 0
41.225; 0
41.275; 0
41.325; 0
41.375; 0
41.425; 1
41.475; 0
41.525; 0
41.575; 1
41.625; 0
41.675; 0
41.725; 0
41.775; 0
41.825; 0
41.875; 0
41.925; 0
41.975; 2
42.025; 0
42.075; 0
42.125; 1
42.175; 0
42.225; 0
42.275; 0
42.325; 0
42.375; 0
42.425; 0
42.475; 0
42.525; 0
42.575; 1
42.625; 0
42.675; 0
42.725; 0
42.775; 0
42.825; 0
42.875; 0
42.925; 0
42.975; 0
43.025; 0
43.075; 1
43.125; 0
43.175; 0
43.225; 0
43.275; 0
43.325; 0
43.375; 0
43.425; 0
43.475; 0
43.525; 0
43.575; 0
43.625; 0
43.675; 0
43.725; 0
43.775; 0
43.825; 0
43.875; 0
43.925; 0
43.975; 0
44.025; 1
44.075; 0
44.125; 0
44.175; 0
44.225; 0
44.275; 0
44.325; 0
44.375; 0
44.425; 0
44.475; 0
44.525; 0
44.575; 1
44.625; 0
44.675; 0
44.725; 0
44.775; 0
44.825; 0
44.875; 0
44.925; 0
44.975; 0
45.025; 0
45.075; 0
45.125; 0
45.175; 1
45.225; 0
45.275; 1
45.325; 0
45.375; 0
45.425; 1
45.475; 0
45.525; 0
45.575; 0
45.625; 0
45.675; 0
45.725; 0
45.775; 0
45.825; 1
45.875; 0
45.925; 0
45.975; 0
46.025; 0
46.075; 1
46.125; 0
46.175; 0
46.225; 1
46.275; 0
46.325; 0
46.375; 0
46.425; 0
46.475; 0
46.525; 0
46.575; 0
46.625; 0
46.675; 0
46.725; 0
46.775; 1
46.825; 0
46.875; 1
46.925; 0
46.975; 0
47.025; 1
47.075; 0
47.125; 0
47.175; 0
47.225; 0
47.275; 0
47.325; 0
47.375; 0
47.425; 1
47.475; 1
47.525; 0
47.575; 1
47.625; 0
47.675; 0
47.725; 0
47.775; 0
47.825; 0
47.875; 0
47.925; 0
47.975; 1
48.025; 0
48.075; 0
48.125; 0
48.175; 0
48.225; 0
48.275; 0
48.325; 0
48.375; 1
48.425; 0
48.475; 0
48.525; 1
48.575; 0
48.625; 0
48.675; 0
48.725; 0
48.775; 0
48.825; 0
48.875; 0
48.925; 0
48.975; 0
49.025; 0
49.075; 0
49.125; 0
49.175; 0
49.225; 0
49.275; 0
49.325; 0
49.375; 0
49.425; 0
49.475; 0
49.525; 0
49.575; 0
49.625; 0
49.675; 0
49.725; 0
49.775; 1
49.825; 0
49.875; 0
49.925; 0
