0.025; 29
0.075; 25
0.125; 21
0.175; 18
0.225; 24
0.275; 18
0.325; 21
0.375; 22
0.425; 19
0.475; 18
0.525; 21
0.575; 16
0.625; 17
0.675; 23
0.725; 13
0.775; 20
0.825; 17
0.875; 20
0.925; 15
0.975; 16
1.025; 24
1.075; 25
1.125; 14
1.175; 14
1.225; 21
1.275; 24
1.325; 24
1.375; 31
1.425; 19
1.475; 13
1.525; 20
1.575; 24
1.625; 18
1.675; 30
1.725; 21
1.775; 23
1.825; 33
1.875; 26
1.925; 23
1.975; 30
2.025; 29
2.075; 27
2.125; 19
2.175; 30
2.225; 30
2.275; 20
2.325; 32
2.375; 25
2.425; 22
2.475; 24
2.525; 22
2.575; 29
2.625; 18
2.675; 22
2.725; 20
2.775; 25
2.825; 28
2.875; 30
2.925; 24
2.975; 27
3.025; 36
3.075; 32
3.125; 27
3.175; 27
3.225; 27
3.275; 29
3.325; 30
3.375; 29
3.425; 26
3.475; 30
3.525; 30
3.575; 35
3.625; 33
3.675; 32
3.725; 17
3.775; 20
3.825; 36
3.875; 38
3.925; 36
3.975; 34
4.025; 29
4.075; 29
4.125; 32
4.175; 25
4.225; 33
4.275; 38
4.325; 36
4.375; 37
4.425; 36
4.475; 31
4.525; 26
4.575; 38
4.625; 39
4.675; 32
4.725; 30
4.775; 36
4.825; 24
4.875; 32
4.925; 27
4.975; 29
5.025; 35
5.075; 36
5.125; 34
5.175; 37
5.225; 31
5.275; 29
5.325; 33
5.375; 37
5.425; 45
5.475; 38
5.525; 39
5.575; 38
5.625; 42
5.675; 40
5.725; 39
5.775; 37
5.825; 36
5.875; 36
5.925; 34
5.975; 32
6.025; 40
6.075; 32
6.125; 32
6.175; 44
6.225; 35
6.275; 38
6.325; 39
6.375; 33
6.425; 39
6.475; 38
6.525; 48
6.575; 42
6.625; 36
6.675; 34
6.725; 36
6.775; 36
6.825; 37
6.875; 41
6.925; 27
6.975; 27
7.025; 52
7.075; 44
7.125; 47
7.175; 39
7.225; 39
7.275; 45
7.325; 47
7.375; 44
7.425; 25
7.475; 39
7.525; 54
7.575; 32
7.625; 44
7.675; 37
7.725; 35
7.775; 44
7.825; 44
7.875; 38
7.925; 42
7.975; 34
8.025; 38
8.075; 42
8.125; 45
8.175; 37
8.225; 54
8.275; 45
8.325; 38
8.375; 32
8.425; 32
8.475; 49
8.525; 43
8.575; 35
8.625; 39
8.675; 42
8.725; 40
8.775; 42
8.825; 45
8.875; 40
8.925; 49
8.975; 36
9.025; 37
9.075; 38
9.125; 53
9.175; 45
9.225; 41
9.275; 37
9.325; 49
9.375; 40
9.425; 40
9.475; 44
9.525; 36
9.575; 29
9.625; 37
9.675; 26
9.725; 44
9.775; 49
9.825; 46
9.875; 38
9.925; 38
9.975; 44
10.025; 35
10.075; 30
10.125; 40
10.175; 34
10.225; 33
10.275; 52
10.325; 36
10.375; 48
10.425; 52
10.475; 54
10.525; 35
10.575; 43
10.625; 41
10.675; 45
10.725; 33
10.775; 34
10.825; 43
10.875; 51
10.925; 43
10.975; 40
11.025; 41
11.075; 39
11.125; 39
11.175; 33
11.225; 40
11.275; 36
11.325; 37
11.375; 43
11.425; 48
11.475; 39
11.525; 42
11.575; 33
11.625; 39
11.675; 37
11.725; 43
11.775; 46
11.825; 44
11.875; 34
11.925; 25
11.975; 34
12.025; 35
12.075; 37
12.125; 33
12.175; 41
12.225; 33
12.275; 56
12.325; 42
12.375; 38
12.425; 41
12.475; 44
12.525; 32
12.575; 44
12.625; 37
12.675; 39
12.725; 35
12.775; 30
12.825; 33
12.875; 28
12.925; 33
12.975; 39
13.025; 26
13.075; 46
13.125; 32
13.175; 44
13.225; 33
13.275; 25
13.325; 26
13.375; 28
13.425; 30
13.475; 37
13.525; 31
13.575; 43
13.625; 26
13.675; 39
13.725; 38
13.775; 24
13.825; 27
13.875; 28
13.925; 35
13.975; 35
14.025; 18
14.075; 21
14.125; 36
14.175; 21
14.225; 27
14.275; 26
14.325; 27
14.375; 33
14.425; 34
14.475; 27
14.525; 34
14.575; 31
14.625; 27
14.675; 22
14.725; 21
14.775; 18
14.825; 31
14.875; 24
14.925; 24
14.975; 26
15.025; 19
15.075; 21
15.125; 15
15.175; 18
15.225; 20
15.275; 22
15.325; 25
15.375; 17
15.425; 24
15.475; 17
15.525; 16
15.575; 28
15.625; 16
15.675; 23
15.725; 18
15.775; 26
15.825; 21
15.875; 21
15.925; 21
15.975; 15
16.025; 12
16.075; 15
16.125; 27
16.175; 19
16.225; 22
16.275; 22
16.325; 22
16.375; 15
16.425; 12
16.475; 18
16.525; 16
16.575; 16
16.625; 13
16.675; 19
16.725; 14
16.775; 15
16.825; 9
16.875; 8
16.925; 19
16.975; 13
17.025; 4
17.075; 5
17.125; 7
17.175; 4
17.225; 8
17.275; 5
17.325; 8
17.375; 3
17.425; 3
17.475; 2
17.525; 2
17.575; 1
17.625; 6
17.675; 2
17.725; 0
17.775; 0
17.825; 2
17.875; 0
17.925; 1
17.975; 0
18.025; 0
18.075; 1
18.125; 0
18.175; 0
18.225; 2
18.275; 1
18.325; 0
18.375; 1
18.425; 0
18.475; 0
18.525; 0
18.575; 0
18.625; 0
18.675; 0
18.725; 0
18.775; 0
18.825; 0
18.875; 0
18.925; 0
18.975; 0
19.025; 0
19.075; 1
19.125; 0
19.175; 0
19.225; 0
19.275; 0
19.325; 0
19.375; 0
19.425; 0
19.475; 1
19.525; 1
19.575; 0
19.625; 0
19.675; 0
19.725; 0
19.775; 0
19.825; 0
19.875; 0
19.925; 0
19.975; 0
20.025; 0
20.075; 0
20.125; 0
20.175; 0
20.225; 0
20.275; 0
20.325; 0
20.375; 0
20.425; 0
20.475; 0
20.525; 0
20.575; 0
20.625; 0
20.675; 0
20.725; 0
20.775; 0
20.825; 0
20.875; 0
20.925; 0
20.975; 0
21.025; 0
21.075; 0
21.125; 0
21.175; 0
21.225; 0
21.275; 0
21.325; 0
21.375; 0
21.425; 0
21.475; 0
21.525; 0
21.575; 0
21.625; 0
21.675; 0
21.725; 0
21.775; 0
21.825; 0
21.875; 0
21.925; 0
21.975; 0
22.025; 0
22.075; 0
22.125; 0
22.175; 0
22.225; 0
22.275; 0
22.325; 0
22.375; 0
22.425; 0
22.475; 0
22.525; 0
22.575; 0
22.625; 0
22.675; 0
22.725; 0
22.775; 0
22.825; 0
22.875; 0
22.925; 0
22.975; 0
23.025; 0
23.075; 0
23.125; 0
23.175; 0
23.225; 0
23.275; 0
23.325; 0
23.375; 0
23.425; 0
23.475; 0
23.525; 0
23.575; 0
23.625; 0
23.675; 0
23.725; 0
23.775; 0
23.825; 0
23.875; 0
23.925; 0
23.975; 0
24.025; 0
24.075; 0
24.125; 0
24.175; 0
24.225; 0
24.275; 0
24.325; 0
24.375; 0
24.425; 0
24.475; 0
24.525; 0
24.575; 0
24.625; 0
24.675; 0
24.725; 0
24.775; 0
24.825; 0
24.875; 0
24.925; 0
24.975; 0
25.025; 0
25.075; 0
25.125; 0
25.175; 0
25.225; 0
25.275; 0
25.325; 0
25.375; 0
25.425; 0
25.475; 0
25.525; 0
25.575; 0
25.625; 0
25.675; 0
25.725; 0
25.775; 0
25.825; 0
25.875; 0
25.925; 0
25.975; 0
26.025; 0
26.075; 0
26.125; 0
26.175; 0
26.225; 0
26.275; 0
26.325; 0
26.375; 0
26.425; 0
26.475; 0
26.525; 0
26.575; 0
26.625; 0
26.675; 0
26.725; 0
26.775; 0
26.825; 0
26.875; 0
26.925; 0
26.975; 0
27.025; 0
27.075; 0
27.125; 0
27.175; 0
27.225; 0
27.275; 0
27.325; 0
27.375; 0
27.425; 0
27.475; 0
27.525; 0
27.575; 0
27.625; 0
27.675; 0
27.725; 0
27.775; 0
27.825; 0
27.875; 0
27.925; 0
27.975; 0
28.025; 0
28.075; 0
28.125; 0
28.175; 0
28.225; 0
28.275; 0
28.325; 0
28.375; 0
28.425; 0
28.475; 0
28.525; 0
28.575; 0
28.625; 0
28.675; 0
28.725; 0
28.775; 0
28.825; 0
28.875; 0
28.925; 0
28.975; 0
29.025; 0
29.075; 0
29.125; 0
29.175; 0
29.225; 0
29.275; 0
29.325; 0
29.375; 0
29.425; 0
29.475; 0
29.525; 0
29.575; 0
29.625; 0
29.675; 0
29.725; 0
29.775; 0
29.825; 0
29.875; 0
29.925; 0
29.975; 0
30.025; 0
30.075; 0
30.125; 0
30.175; 0
30.225; 0
30.275; 0
30.325; 0
30.375; 0
30.425; 0
30.475; 0
30.525; 0
30.575; 0
30.625; 0
30.675; 0
30.725; 0
30.775; 0
30.825; 0
30.875; 0
30.925; 0
30.975; 0
31.025; 0
31.075; 0
31.125; 0
31.175; 0
31.225; 0
31.275; 0
31.325; 0
31.375; 0
31.425; 0
31.475; 0
31.525; 0
31.575; 0
31.625; 0
31.675; 0
31.725; 0
31.775; 0
31.825; 0
31.875; 0
31.925; 0
31.975; 0
32.025; 0
32.075; 0
32.125; 0
32.175; 0
32.225; 0
32.275; 0
32.325; 0
32.375; 0
32.425; 0
32.475; 0
32.525; 0
32.575; 0
32.625; 0
32.675; 0
32.725; 0
32.775; 0
32.825; 0
32.875; 0
32.925; 0
32.975; 0
33.025; 0
33.075; 0
33.125; 0
33.175; 0
33.225; 0
33.275; 0
33.325; 0
33.375; 0
33.425; 0
33.475; 0
33.525; 0
33.575; 0
33.625; 0
33.675; 0
33.725; 0
33.775; 0
33.825; 0
33.875; 0
33.925; 0
33.975; 0
34.025; 0
34.075; 0
34.125; 0
34.175; 0
34.225; 0
34.275; 0
34.325; 0
34.375; 0
34.425; 0
34.475; 0
34.525; 0
34.575; 0
34.625; 0
34.675; 0
34.725; 0
34.775; 0
34.825; 0
34.875; 0
34.925; 0
34.975; 0
35.025; 0
35.075; 0
35.125; 0
35.175; 0
35.225; 0
35.275; 0
35.325; 0
35.375; 0
35.425; 0
35.475; 0
35.525; 0
35.575; 0
35.625; 0
35.675; 0
35.725; 0
35.775; 0
35.825; 0
35.875; 0
35.925; 0
35.975; 0
36.025; 0
36.075; 0
36.125; 0
36.175; 0
36.225; 0
36.275; 0
36.325; 0
36.375; 0
36.425; 0
36.475; 0
36.525; 0
36.575; 0
36.625; 0
36.675; 0
36.725; 0
36.775; 0
36.825; 0
36.875; 0
36.925; 0
36.975; 0
37.025; 0
37.075; 0
37.125; 0
37.175; 0
37.225; 0
37.275; 0
37.325; 0
37.375; 0
37.425; 0
37.475; 0
37.525; 0
37.575; 0
37.625; 0
37.675; 0
37.725; 0
37.775; 0
37.825; 0
37.875; 0
37.925; 0
37.975; 0
38.025; 0
38.075; 0
38.125; 0
38.175; 0
38.225; 0
38.275; 0
38.325; 0
38.375; 0
38.425; 0
38.475; 0
38.525; 0
38.575; 0
38.625; 0
38.675; 0
38.725; 0
38.775; 0
38.825; 0
38.875; 0
38.925; 0
38.975; 0
39.025; 0
39.075; 0
39.125; 0
39.175; 0
39.225; 0
39.275; 0
39.325; 0
39.375; 0
39.425; 0
39.475; 0
39.525; 0
39.575; 0
39.625; 0
39.675; 0
39.725; 0
39.775; 0
39.825; 0
39.875; 0
39.925; 0
39.975; 0
40.025; 0
40.075; 0
40.125; 0
40.175; 0
40.225; 0
40.275; 0
40.325; 0
40.375; 0
40.425; 0
40.475; 0
40.525; 0
40.575; 0
40.625; 0
40.675; 0
40.725; 0
40.775; 0
40.825; 0
40.875; 0
40.925; 0
40.975; 0
41.025; 0
41.075; 0
41.125; 0
41.175; 0
41.225; 0
41.275; 0
41.325; 0
41.375; 0
41.425; 0
41.475; 0
41.525; 0
41.575; 0
41.625; 0
41.675; 0
41.725; 0
41.775; 0
41.825; 0
41.875; 0
41.925; 0
41.975; 0
42.025; 0
42.075; 0
42.125; 0
42.175; 0
42.225; 0
42.275; 0
42.325; 0
42.375; 0
42.425; 0
42.475; 0
42.525; 0
42.575; 0
42.625; 0
42.675; 0
42.725; 0
42.775; 0
42.825; 0
42.875; 0
42.925; 0
42.975; 0
43.025; 0
43.075; 0
43.125; 0
43.175; 0
43.225; 0
43.275; 0
43.325; 0
43.375; 0
43.425; 0
43.475; 0
43.525; 0
43.575; 0
43.625; 0
43.675; 0
43.725; 0
43.775; 0
43.825; 0
43.875; 0
43.925; 0
43.975; 0
44.025; 0
44.075; 0
44.125; 0
44.175; 0
44.225; 0
44.275; 0
44.325; 0
44.375; 0
44.425; 0
44.475; 0
44.525; 0
44.575; 0
44.625; 0
44.675; 0
44.725; 0
44.775; 0
44.825; 0
44.875; 0
44.925; 0
44.975; 0
45.025; 0
45.075; 0
45.125; 0
45.175; 0
45.225; 0
45.275; 0
45.325; 0
45.375; 0
45.425; 0
45.475; 0
45.525; 0
45.575; 0
45.625; 0
45.675; 0
45.725; 0
45.775; 0
45.825; 0
45.875; 0
45.925; 0
45.975; 0
46.025; 0
46.075; 0
46.125; 0
46.175; 0
46.225; 0
46.275; 0
46.325; 0
46.375; 0
46.425; 0
46.475; 0
46.525; 0
46.575; 0
46.625; 0
46.675; 0
46.725; 0
46.775; 0
46.825; 0
46.875; 0
46.925; 0
46.975; 0
47.025; 0
47.075; 0
47.125; 0
47.175; 0
47.225; 0
47.275; 0
47.325; 0
47.375; 0
47.425; 0
47.475; 0
47.525; 0
47.575; 0
47.625; 0
47.675; 0
47.725; 0
47.775; 0
47.825; 0
47.875; 0
47.925; 0
47.975; 0
48.025; 0
48.075; 0
48.125; 0
48.175; 0
48.225; 0
48.275; 0
48.325; 0
48.375; 0
48.425; 0
48.475; 0
48.525; 0
48.575; 0
48.625; 0
48.675; 0
48.725; 0
48.775; 0
48.825; 0
48.875; 0
48.925; 0
48.975; 0
49.025; 0
49.075; 0
49.125; 0
49.175; 0
49.225; 0
49.275; 0
49.325; 0
49.375; 0
49.425; 0
49.475; 0
49.525; 0
49.575; 0
49.625; 0
49.675; 0
49.725; 0
49.775; 0
49.825; 0
49.875; 0
49.925; 0
